# Blender v2.78 (sub 0) OBJ File: 'fullhallway.blend'
# www.blender.org
mtllib hallway_top.mtl
o Cube.004_Cube.006
v -3.740180 5.466872 -145.553024
v -3.740180 4.368279 -153.033386
v -3.740180 4.368279 -145.553024
v -3.740180 5.466873 -153.033386
v 3.740180 4.368279 -153.033386
v 3.740180 5.466873 -153.033386
v 3.740180 4.368279 -145.553024
v 3.740180 5.466872 -145.553024
v -3.740180 5.466872 -138.072662
v -3.740180 4.368279 -145.553024
v -3.740180 4.368279 -138.072662
v -3.740180 5.466872 -145.553024
v 3.740180 4.368279 -145.553024
v 3.740180 5.466872 -145.553024
v 3.740180 4.368279 -138.072662
v 3.740180 5.466872 -138.072662
v -3.740181 5.466872 -130.592300
v -3.740181 4.368279 -138.072662
v -3.740181 4.368278 -130.592300
v -3.740181 5.466872 -138.072662
v 3.740179 4.368279 -138.072662
v 3.740179 5.466872 -138.072662
v 3.740179 4.368278 -130.592300
v 3.740179 5.466872 -130.592300
v -3.740181 5.466871 -123.111931
v -3.740181 4.368278 -130.592300
v -3.740181 4.368278 -123.111931
v -3.740181 5.466872 -130.592300
v 3.740179 4.368278 -130.592300
v 3.740179 5.466872 -130.592300
v 3.740179 4.368278 -123.111931
v 3.740179 5.466871 -123.111931
v -3.740182 5.466871 -115.631569
v -3.740182 4.368278 -123.111931
v -3.740182 4.368278 -115.631569
v -3.740182 5.466871 -123.111931
v 3.740178 4.368278 -123.111931
v 3.740178 5.466871 -123.111931
v 3.740178 4.368278 -115.631569
v 3.740178 5.466871 -115.631569
v -3.740182 5.466871 -108.151207
v -3.740182 4.368278 -115.631569
v -3.740182 4.368277 -108.151207
v -3.740182 5.466871 -115.631569
v 3.740178 4.368278 -115.631569
v 3.740178 5.466871 -115.631569
v 3.740178 4.368277 -108.151207
v 3.740178 5.466871 -108.151207
v -3.740183 5.466870 -100.670845
v -3.740183 4.368277 -108.151207
v -3.740183 4.368277 -100.670845
v -3.740183 5.466871 -108.151207
v 3.740177 4.368277 -108.151207
v 3.740177 5.466871 -108.151207
v 3.740177 4.368277 -100.670845
v 3.740177 5.466870 -100.670845
v -3.740183 5.466870 -93.190483
v -3.740183 4.368277 -100.670845
v -3.740183 4.368277 -93.190483
v -3.740183 5.466870 -100.670845
v 3.740177 4.368277 -100.670845
v 3.740177 5.466870 -100.670845
v 3.740177 4.368277 -93.190483
v 3.740177 5.466870 -93.190483
v -3.740184 5.466870 -85.710121
v -3.740184 4.368277 -93.190483
v -3.740184 4.368276 -85.710121
v -3.740184 5.466870 -93.190483
v 3.740176 4.368277 -93.190483
v 3.740176 5.466870 -93.190483
v 3.740176 4.368276 -85.710121
v 3.740176 5.466870 -85.710121
v -3.740184 5.466869 -78.229759
v -3.740184 4.368276 -85.710121
v -3.740184 4.368276 -78.229759
v -3.740184 5.466870 -85.710121
v 3.740176 4.368276 -85.710121
v 3.740176 5.466870 -85.710121
v 3.740176 4.368276 -78.229759
v 3.740176 5.466869 -78.229759
v -3.740185 5.466869 -70.749397
v -3.740185 4.368276 -78.229759
v -3.740185 4.368276 -70.749397
v -3.740185 5.466869 -78.229759
v 3.740175 4.368276 -78.229759
v 3.740175 5.466869 -78.229759
v 3.740175 4.368276 -70.749397
v 3.740175 5.466869 -70.749397
v -3.740185 5.466869 -63.269035
v -3.740185 4.368276 -70.749397
v -3.740185 4.368275 -63.269035
v -3.740185 5.466869 -70.749397
v 3.740175 4.368276 -70.749397
v 3.740175 5.466869 -70.749397
v 3.740175 4.368275 -63.269035
v 3.740175 5.466869 -63.269035
v -3.740185 5.466868 -55.788673
v -3.740185 4.368275 -63.269035
v -3.740185 4.368275 -55.788673
v -3.740185 5.466869 -63.269035
v 3.740175 4.368275 -63.269035
v 3.740175 5.466869 -63.269035
v 3.740175 4.368275 -55.788673
v 3.740175 5.466868 -55.788673
v -3.740186 5.466868 -48.308311
v -3.740186 4.368275 -55.788673
v -3.740186 4.368275 -48.308311
v -3.740186 5.466868 -55.788673
v 3.740174 4.368275 -55.788673
v 3.740174 5.466868 -55.788673
v 3.740174 4.368275 -48.308311
v 3.740174 5.466868 -48.308311
v -3.740186 5.466868 -40.827950
v -3.740186 4.368275 -48.308311
v -3.740186 4.368274 -40.827950
v -3.740186 5.466868 -48.308311
v 3.740174 4.368275 -48.308311
v 3.740174 5.466868 -48.308311
v 3.740174 4.368274 -40.827950
v 3.740174 5.466868 -40.827950
v -3.740187 5.466867 -33.347588
v -3.740187 4.368274 -40.827950
v -3.740187 4.368274 -33.347588
v -3.740187 5.466868 -40.827950
v 3.740173 4.368274 -40.827950
v 3.740173 5.466868 -40.827950
v 3.740173 4.368274 -33.347588
v 3.740173 5.466867 -33.347588
v -3.740187 5.466867 -25.867226
v -3.740187 4.368274 -33.347588
v -3.740187 4.368273 -25.867226
v -3.740187 5.466867 -33.347588
v 3.740173 4.368274 -33.347588
v 3.740173 5.466867 -33.347588
v 3.740173 4.368273 -25.867226
v 3.740173 5.466867 -25.867226
v -3.740188 5.466867 -18.386871
v -3.740188 4.368273 -25.867226
v -3.740188 4.368273 -18.386871
v -3.740188 5.466867 -25.867226
v 3.740172 4.368273 -25.867226
v 3.740172 5.466867 -25.867226
v 3.740172 4.368273 -18.386871
v 3.740172 5.466867 -18.386871
v -3.740188 5.466866 -10.906509
v -3.740188 4.368273 -18.386871
v -3.740188 4.368273 -10.906509
v -3.740188 5.466867 -18.386871
v 3.740172 4.368273 -18.386871
v 3.740172 5.466867 -18.386871
v 3.740172 4.368273 -10.906509
v 3.740172 5.466866 -10.906509
v -3.740189 5.466866 -3.426147
v -3.740189 4.368273 -10.906509
v -3.740189 4.368272 -3.426147
v -3.740189 5.466866 -10.906509
v 3.740171 4.368273 -10.906509
v 3.740171 5.466866 -10.906509
v 3.740171 4.368272 -3.426147
v 3.740171 5.466866 -3.426147
v -3.740180 5.466887 4.076538
v -3.740180 4.368294 -3.403824
v -3.740180 4.368294 4.076538
v -3.740180 5.466887 -3.403824
v 3.740180 4.368294 -3.403824
v 3.740180 5.466887 -3.403824
v 3.740180 4.368294 4.076538
v 3.740180 5.466887 4.076538
v -3.740180 5.466888 11.724213
v -3.740180 4.368295 4.243851
v -3.740180 4.368295 11.724213
v -3.740180 5.466889 4.243851
v 3.740180 4.368295 4.243851
v 3.740180 5.466889 4.243851
v 3.740180 4.368295 11.724213
v 3.740180 5.466888 11.724213
v -3.740180 5.466888 19.204575
v -3.740180 4.368295 11.724213
v -3.740180 4.368295 19.204575
v -3.740180 5.466888 11.724213
v 3.740180 4.368295 11.724213
v 3.740180 5.466888 11.724213
v 3.740180 4.368295 19.204575
v 3.740180 5.466888 19.204575
v -3.740181 5.466888 26.684937
v -3.740181 4.368295 19.204575
v -3.740181 4.368294 26.684937
v -3.740181 5.466888 19.204575
v 3.740179 4.368295 19.204575
v 3.740179 5.466888 19.204575
v 3.740179 4.368294 26.684937
v 3.740179 5.466888 26.684937
v -3.740181 5.466887 34.165298
v -3.740181 4.368294 26.684937
v -3.740181 4.368294 34.165298
v -3.740181 5.466888 26.684937
v 3.740179 4.368294 26.684937
v 3.740179 5.466888 26.684937
v 3.740179 4.368294 34.165298
v 3.740179 5.466887 34.165298
v -3.740182 5.466887 41.645676
v -3.740182 4.368294 34.165298
v -3.740182 4.368294 41.645676
v -3.740182 5.466887 34.165298
v 3.740178 4.368294 34.165298
v 3.740178 5.466887 34.165298
v 3.740178 4.368294 41.645676
v 3.740178 5.466887 41.645676
v -3.740182 5.466887 49.126022
v -3.740182 4.368294 41.645676
v -3.740182 4.368293 49.126022
v -3.740182 5.466887 41.645676
v 3.740178 4.368294 41.645676
v 3.740178 5.466887 41.645676
v 3.740178 4.368293 49.126022
v 3.740178 5.466887 49.126022
v -3.740183 5.466887 56.606400
v -3.740183 4.368293 49.126022
v -3.740183 4.368293 56.606400
v -3.740183 5.466887 49.126022
v 3.740177 4.368293 49.126022
v 3.740177 5.466887 49.126022
v 3.740177 4.368293 56.606400
v 3.740177 5.466887 56.606400
v -3.740183 5.466887 64.086746
v -3.740183 4.368293 56.606400
v -3.740183 4.368293 64.086746
v -3.740183 5.466887 56.606400
v 3.740177 4.368293 56.606400
v 3.740177 5.466887 56.606400
v 3.740177 4.368293 64.086746
v 3.740177 5.466887 64.086746
v -3.740184 5.466886 71.567123
v -3.740184 4.368293 64.086746
v -3.740184 4.368292 71.567123
v -3.740184 5.466887 64.086746
v 3.740176 4.368293 64.086746
v 3.740176 5.466887 64.086746
v 3.740176 4.368292 71.567123
v 3.740176 5.466886 71.567123
v -3.740184 5.466886 79.047470
v -3.740184 4.368292 71.567123
v -3.740184 4.368292 79.047470
v -3.740184 5.466886 71.567123
v 3.740176 4.368292 71.567123
v 3.740176 5.466886 71.567123
v 3.740176 4.368292 79.047470
v 3.740176 5.466886 79.047470
v -3.740185 5.466886 86.527847
v -3.740185 4.368292 79.047470
v -3.740185 4.368292 86.527847
v -3.740185 5.466886 79.047470
v 3.740175 4.368292 79.047470
v 3.740175 5.466886 79.047470
v 3.740175 4.368292 86.527847
v 3.740175 5.466886 86.527847
v -3.740185 5.466885 94.008194
v -3.740185 4.368292 86.527847
v -3.740185 4.368291 94.008194
v -3.740185 5.466886 86.527847
v 3.740175 4.368292 86.527847
v 3.740175 5.466886 86.527847
v 3.740175 4.368291 94.008194
v 3.740175 5.466885 94.008194
v -3.740185 5.466885 101.488571
v -3.740185 4.368291 94.008194
v -3.740185 4.368291 101.488571
v -3.740185 5.466885 94.008194
v 3.740175 4.368291 94.008194
v 3.740175 5.466885 94.008194
v 3.740175 4.368291 101.488571
v 3.740175 5.466885 101.488571
v -3.740186 5.466885 108.968918
v -3.740186 4.368291 101.488571
v -3.740186 4.368290 108.968918
v -3.740186 5.466885 101.488571
v 3.740174 4.368291 101.488571
v 3.740174 5.466885 101.488571
v 3.740174 4.368290 108.968918
v 3.740174 5.466885 108.968918
v -3.740186 5.466884 116.449295
v -3.740186 4.368290 108.968918
v -3.740186 4.368290 116.449295
v -3.740186 5.466885 108.968918
v 3.740174 4.368290 108.968918
v 3.740174 5.466885 108.968918
v 3.740174 4.368290 116.449295
v 3.740174 5.466884 116.449295
v -3.740187 5.466884 123.929642
v -3.740187 4.368290 116.449295
v -3.740187 4.368290 123.929642
v -3.740187 5.466884 116.449295
v 3.740173 4.368290 116.449295
v 3.740173 5.466884 116.449295
v 3.740173 4.368290 123.929642
v 3.740173 5.466884 123.929642
v -3.740187 5.466884 131.410019
v -3.740187 4.368290 123.929642
v -3.740187 4.368289 131.410019
v -3.740187 5.466884 123.929642
v 3.740173 4.368290 123.929642
v 3.740173 5.466884 123.929642
v 3.740173 4.368289 131.410019
v 3.740173 5.466884 131.410019
v -3.740188 5.466883 138.890366
v -3.740188 4.368289 131.410019
v -3.740188 4.368289 138.890366
v -3.740188 5.466884 131.410019
v 3.740172 4.368289 131.410019
v 3.740172 5.466884 131.410019
v 3.740172 4.368289 138.890366
v 3.740172 5.466883 138.890366
v -3.740188 5.466883 146.370743
v -3.740188 4.368289 138.890366
v -3.740188 4.368289 146.370743
v -3.740188 5.466883 138.890366
v 3.740172 4.368289 138.890366
v 3.740172 5.466883 138.890366
v 3.740172 4.368289 146.370743
v 3.740172 5.466883 146.370743
v -3.740189 5.466882 153.851089
v -3.740189 4.368289 146.370743
v -3.740189 4.368289 153.851089
v -3.740189 5.466883 146.370743
v 3.740171 4.368289 146.370743
v 3.740171 5.466883 146.370743
v 3.740171 4.368289 153.851089
v 3.740171 5.466882 153.851089
v 10.733634 5.466887 4.074463
v 3.253272 4.368295 4.074463
v 10.733634 4.368294 4.074463
v 3.253272 5.466888 4.074463
v 3.253272 4.368294 -3.405884
v 3.253272 5.466887 -3.405884
v 10.733634 4.368293 -3.405884
v 10.733634 5.466887 -3.405884
v 18.213997 5.466887 4.074463
v 10.733634 4.368294 4.074463
v 18.213997 4.368292 4.074463
v 10.733634 5.466887 4.074463
v 10.733634 4.368293 -3.405884
v 10.733634 5.466887 -3.405884
v 18.213997 4.368292 -3.405884
v 18.213997 5.466886 -3.405884
v 25.694359 5.466885 4.074463
v 18.213997 4.368292 4.074463
v 25.694359 4.368291 4.074463
v 18.213997 5.466887 4.074463
v 18.213997 4.368292 -3.405884
v 18.213997 5.466886 -3.405884
v 25.694359 4.368291 -3.405884
v 25.694359 5.466885 -3.405884
v 33.174721 5.466884 4.074463
v 25.694359 4.368291 4.074463
v 33.174721 4.368290 4.074463
v 25.694359 5.466885 4.074463
v 25.694359 4.368291 -3.405884
v 25.694359 5.466885 -3.405884
v 33.174721 4.368289 -3.405884
v 33.174721 5.466883 -3.405884
v 40.655083 5.466883 4.074463
v 33.174721 4.368290 4.074463
v 40.655083 4.368289 4.074463
v 33.174721 5.466884 4.074463
v 33.174721 4.368289 -3.405884
v 33.174721 5.466883 -3.405884
v 40.655083 4.368289 -3.405884
v 40.655083 5.466882 -3.405884
v 48.135445 5.466882 4.074463
v 40.655083 4.368289 4.074463
v 48.135445 4.368288 4.074463
v 40.655083 5.466883 4.074463
v 40.655083 4.368289 -3.405884
v 40.655083 5.466882 -3.405884
v 48.135445 4.368288 -3.405884
v 48.135445 5.466881 -3.405884
v 55.615807 5.466881 4.074463
v 48.135445 4.368288 4.074463
v 55.615807 4.368287 4.074463
v 48.135445 5.466882 4.074463
v 48.135445 4.368288 -3.405884
v 48.135445 5.466881 -3.405884
v 55.615807 4.368286 -3.405884
v 55.615807 5.466880 -3.405884
v 63.096169 5.466880 4.074463
v 55.615807 4.368287 4.074478
v 63.096169 4.368286 4.074463
v 55.615807 5.466881 4.074478
v 55.615807 4.368286 -3.405884
v 55.615807 5.466880 -3.405884
v 63.096169 4.368285 -3.405884
v 63.096169 5.466879 -3.405884
v 70.576530 5.466878 4.074463
v 63.096169 4.368286 4.074478
v 70.576530 4.368285 4.074463
v 63.096169 5.466880 4.074478
v 63.096169 4.368285 -3.405884
v 63.096169 5.466879 -3.405884
v 70.576530 4.368284 -3.405884
v 70.576530 5.466878 -3.405884
v 78.056892 5.466877 4.074478
v 70.576530 4.368285 4.074478
v 78.056892 4.368284 4.074478
v 70.576530 5.466878 4.074478
v 70.576530 4.368284 -3.405884
v 70.576530 5.466878 -3.405884
v 78.056892 4.368283 -3.405884
v 78.056892 5.466877 -3.405884
v 85.537254 5.466877 4.074478
v 78.056892 4.368284 4.074478
v 85.537254 4.368283 4.074478
v 78.056892 5.466877 4.074478
v 78.056892 4.368283 -3.405884
v 78.056892 5.466877 -3.405884
v 85.537254 4.368282 -3.405884
v 85.537254 5.466876 -3.405884
v 93.017616 5.466876 4.074478
v 85.537254 4.368283 4.074478
v 93.017616 4.368281 4.074478
v 85.537254 5.466877 4.074478
v 85.537254 4.368282 -3.405884
v 85.537254 5.466876 -3.405884
v 93.017616 4.368281 -3.405884
v 93.017616 5.466875 -3.405884
v 100.497978 5.466874 4.074478
v 93.017616 4.368281 4.074478
v 100.497978 4.368280 4.074478
v 93.017616 5.466876 4.074478
v 93.017616 4.368281 -3.405884
v 93.017616 5.466875 -3.405884
v 100.497978 4.368280 -3.405884
v 100.497978 5.466874 -3.405884
v 107.978340 5.466873 4.074478
v 100.497978 4.368280 4.074478
v 107.978340 4.368279 4.074478
v 100.497978 5.466874 4.074478
v 100.497978 4.368280 -3.405884
v 100.497978 5.466874 -3.405884
v 107.978340 4.368279 -3.405884
v 107.978340 5.466872 -3.405884
v 115.458702 5.466872 4.074478
v 107.978340 4.368279 4.074478
v 115.458702 4.368279 4.074478
v 107.978340 5.466873 4.074478
v 107.978340 4.368279 -3.405884
v 107.978340 5.466872 -3.405884
v 115.458702 4.368278 -3.405884
v 115.458702 5.466871 -3.405884
v 122.939064 5.466871 4.074478
v 115.458702 4.368279 4.074478
v 122.939064 4.368277 4.074478
v 115.458702 5.466872 4.074478
v 115.458702 4.368278 -3.405884
v 115.458702 5.466871 -3.405884
v 122.939064 4.368277 -3.405884
v 122.939064 5.466870 -3.405884
v 130.419434 5.466870 4.074478
v 122.939064 4.368277 4.074478
v 130.419434 4.368276 4.074478
v 122.939064 5.466871 4.074478
v 122.939064 4.368277 -3.405884
v 122.939064 5.466870 -3.405884
v 130.419434 4.368276 -3.405884
v 130.419434 5.466869 -3.405884
v 137.899780 5.466869 4.074478
v 130.419434 4.368276 4.074478
v 137.899780 4.368275 4.074478
v 130.419434 5.466870 4.074478
v 130.419434 4.368276 -3.405884
v 130.419434 5.466869 -3.405884
v 137.899780 4.368274 -3.405884
v 137.899780 5.466868 -3.405884
v 145.380142 5.466867 4.074478
v 137.899780 4.368275 4.074478
v 145.380142 4.368274 4.074478
v 137.899780 5.466869 4.074478
v 137.899780 4.368274 -3.405884
v 137.899780 5.466868 -3.405884
v 145.380142 4.368273 -3.405884
v 145.380142 5.466867 -3.405884
v 152.860504 5.466866 4.074478
v 145.380142 4.368274 4.074478
v 152.860504 4.368273 4.074478
v 145.380142 5.466867 4.074478
v 145.380142 4.368273 -3.405884
v 145.380142 5.466867 -3.405884
v 152.860504 4.368272 -3.405884
v 152.860504 5.466866 -3.405884
v -145.840073 5.466887 4.074463
v -153.320435 4.368295 4.074463
v -145.840073 4.368294 4.074463
v -153.320435 5.466888 4.074463
v -153.320435 4.368294 -3.405884
v -153.320435 5.466887 -3.405884
v -145.840073 4.368293 -3.405884
v -145.840073 5.466887 -3.405884
v -138.359711 5.466887 4.074463
v -145.840073 4.368294 4.074463
v -138.359711 4.368292 4.074463
v -145.840073 5.466887 4.074463
v -145.840073 4.368293 -3.405884
v -145.840073 5.466887 -3.405884
v -138.359711 4.368292 -3.405884
v -138.359711 5.466886 -3.405884
v -130.879349 5.466885 4.074463
v -138.359711 4.368292 4.074463
v -130.879349 4.368291 4.074463
v -138.359711 5.466887 4.074463
v -138.359711 4.368292 -3.405884
v -138.359711 5.466886 -3.405884
v -130.879349 4.368291 -3.405884
v -130.879349 5.466885 -3.405884
v -123.398979 5.466884 4.074463
v -130.879349 4.368291 4.074463
v -123.398979 4.368290 4.074463
v -130.879349 5.466885 4.074463
v -130.879349 4.368291 -3.405884
v -130.879349 5.466885 -3.405884
v -123.398979 4.368289 -3.405884
v -123.398979 5.466883 -3.405884
v -115.918617 5.466883 4.074463
v -123.398979 4.368290 4.074463
v -115.918617 4.368289 4.074463
v -123.398979 5.466884 4.074463
v -123.398979 4.368289 -3.405884
v -123.398979 5.466883 -3.405884
v -115.918617 4.368289 -3.405884
v -115.918617 5.466882 -3.405884
v -108.438255 5.466882 4.074463
v -115.918617 4.368289 4.074463
v -108.438255 4.368288 4.074463
v -115.918617 5.466883 4.074463
v -115.918617 4.368289 -3.405884
v -115.918617 5.466882 -3.405884
v -108.438255 4.368288 -3.405884
v -108.438255 5.466881 -3.405884
v -100.957893 5.466881 4.074463
v -108.438255 4.368288 4.074463
v -100.957893 4.368287 4.074463
v -108.438255 5.466882 4.074463
v -108.438255 4.368288 -3.405884
v -108.438255 5.466881 -3.405884
v -100.957893 4.368286 -3.405884
v -100.957893 5.466880 -3.405884
v -93.477531 5.466880 4.074463
v -100.957893 4.368287 4.074478
v -93.477531 4.368286 4.074463
v -100.957893 5.466881 4.074478
v -100.957893 4.368286 -3.405884
v -100.957893 5.466880 -3.405884
v -93.477531 4.368285 -3.405884
v -93.477531 5.466879 -3.405884
v -85.997169 5.466878 4.074463
v -93.477531 4.368286 4.074478
v -85.997169 4.368285 4.074463
v -93.477531 5.466880 4.074478
v -93.477531 4.368285 -3.405884
v -93.477531 5.466879 -3.405884
v -85.997169 4.368284 -3.405884
v -85.997169 5.466878 -3.405884
v -78.516808 5.466877 4.074478
v -85.997169 4.368285 4.074478
v -78.516808 4.368284 4.074478
v -85.997169 5.466878 4.074478
v -85.997169 4.368284 -3.405884
v -85.997169 5.466878 -3.405884
v -78.516808 4.368283 -3.405884
v -78.516808 5.466877 -3.405884
v -71.036446 5.466877 4.074478
v -78.516808 4.368284 4.074478
v -71.036446 4.368283 4.074478
v -78.516808 5.466877 4.074478
v -78.516808 4.368283 -3.405884
v -78.516808 5.466877 -3.405884
v -71.036446 4.368282 -3.405884
v -71.036446 5.466876 -3.405884
v -63.556084 5.466876 4.074478
v -71.036446 4.368283 4.074478
v -63.556084 4.368281 4.074478
v -71.036446 5.466877 4.074478
v -71.036446 4.368282 -3.405884
v -71.036446 5.466876 -3.405884
v -63.556084 4.368281 -3.405884
v -63.556084 5.466875 -3.405884
v -56.075722 5.466874 4.074478
v -63.556084 4.368281 4.074478
v -56.075722 4.368280 4.074478
v -63.556084 5.466876 4.074478
v -63.556084 4.368281 -3.405884
v -63.556084 5.466875 -3.405884
v -56.075722 4.368280 -3.405884
v -56.075722 5.466874 -3.405884
v -48.595360 5.466873 4.074478
v -56.075722 4.368280 4.074478
v -48.595360 4.368279 4.074478
v -56.075722 5.466874 4.074478
v -56.075722 4.368280 -3.405884
v -56.075722 5.466874 -3.405884
v -48.595360 4.368279 -3.405884
v -48.595360 5.466872 -3.405884
v -41.114998 5.466872 4.074478
v -48.595360 4.368279 4.074478
v -41.114998 4.368279 4.074478
v -48.595360 5.466873 4.074478
v -48.595360 4.368279 -3.405884
v -48.595360 5.466872 -3.405884
v -41.114998 4.368278 -3.405884
v -41.114998 5.466871 -3.405884
v -33.634636 5.466871 4.074478
v -41.114998 4.368279 4.074478
v -33.634636 4.368277 4.074478
v -41.114998 5.466872 4.074478
v -41.114998 4.368278 -3.405884
v -41.114998 5.466871 -3.405884
v -33.634636 4.368277 -3.405884
v -33.634636 5.466870 -3.405884
v -26.154274 5.466870 4.074478
v -33.634636 4.368277 4.074478
v -26.154274 4.368276 4.074478
v -33.634636 5.466871 4.074478
v -33.634636 4.368277 -3.405884
v -33.634636 5.466870 -3.405884
v -26.154274 4.368276 -3.405884
v -26.154274 5.466869 -3.405884
v -18.673920 5.466869 4.074478
v -26.154274 4.368276 4.074478
v -18.673920 4.368275 4.074478
v -26.154274 5.466870 4.074478
v -26.154274 4.368276 -3.405884
v -26.154274 5.466869 -3.405884
v -18.673920 4.368274 -3.405884
v -18.673920 5.466868 -3.405884
v -11.193558 5.466867 4.074478
v -18.673920 4.368275 4.074478
v -11.193558 4.368274 4.074478
v -18.673920 5.466869 4.074478
v -18.673920 4.368274 -3.405884
v -18.673920 5.466868 -3.405884
v -11.193558 4.368273 -3.405884
v -11.193558 5.466867 -3.405884
v -3.713196 5.466866 4.074478
v -11.193558 4.368274 4.074478
v -3.713196 4.368273 4.074478
v -11.193558 5.466867 4.074478
v -11.193558 4.368273 -3.405884
v -11.193558 5.466867 -3.405884
v -3.713196 4.368272 -3.405884
v -3.713196 5.466866 -3.405884
vt 0.3471 0.6529
vt 0.6529 0.3471
vt 0.6529 0.6529
vt 0.0138 0.6529
vt 0.3196 0.3471
vt 0.3196 0.6529
vt 0.0138 0.3196
vt 0.3196 0.0138
vt 0.3196 0.3196
vt 0.3471 0.0138
vt 0.6529 0.3196
vt 0.3471 0.3196
vt 0.6804 0.3196
vt 0.9862 0.0138
vt 0.9862 0.3196
vt 0.3196 0.9862
vt 0.0138 0.6804
vt 0.3196 0.6804
vt 0.3471 0.3471
vt 0.0138 0.3471
vt 0.0138 0.0138
vt 0.6529 0.0138
vt 0.6804 0.0138
vt 0.0138 0.9862
vt 0.3471 0.6529
vt 0.6529 0.3471
vt 0.6529 0.6529
vt 0.0138 0.6529
vt 0.3196 0.3471
vt 0.3196 0.6529
vt 0.0138 0.3196
vt 0.3196 0.0138
vt 0.3196 0.3196
vt 0.3471 0.0138
vt 0.6529 0.3196
vt 0.3471 0.3196
vt 0.6804 0.3196
vt 0.9862 0.0138
vt 0.9862 0.3196
vt 0.3196 0.9862
vt 0.0138 0.6804
vt 0.3196 0.6804
vt 0.3471 0.3471
vt 0.0138 0.3471
vt 0.0138 0.0138
vt 0.6529 0.0138
vt 0.6804 0.0138
vt 0.0138 0.9862
vt 0.3471 0.6529
vt 0.6529 0.3471
vt 0.6529 0.6529
vt 0.0138 0.6529
vt 0.3196 0.3471
vt 0.3196 0.6529
vt 0.0138 0.3196
vt 0.3196 0.0138
vt 0.3196 0.3196
vt 0.3471 0.0138
vt 0.6529 0.3196
vt 0.3471 0.3196
vt 0.6804 0.3196
vt 0.9862 0.0138
vt 0.9862 0.3196
vt 0.3196 0.9862
vt 0.0138 0.6804
vt 0.3196 0.6804
vt 0.3471 0.3471
vt 0.0138 0.3471
vt 0.0138 0.0138
vt 0.6529 0.0138
vt 0.6804 0.0138
vt 0.0138 0.9862
vt 0.3471 0.6529
vt 0.6529 0.3471
vt 0.6529 0.6529
vt 0.0138 0.6529
vt 0.3196 0.3471
vt 0.3196 0.6529
vt 0.0138 0.3196
vt 0.3196 0.0138
vt 0.3196 0.3196
vt 0.3471 0.0138
vt 0.6529 0.3196
vt 0.3471 0.3196
vt 0.6804 0.3196
vt 0.9862 0.0138
vt 0.9862 0.3196
vt 0.3196 0.9862
vt 0.0138 0.6804
vt 0.3196 0.6804
vt 0.3471 0.3471
vt 0.0138 0.3471
vt 0.0138 0.0138
vt 0.6529 0.0138
vt 0.6804 0.0138
vt 0.0138 0.9862
vt 0.3471 0.6529
vt 0.6529 0.3471
vt 0.6529 0.6529
vt 0.0138 0.6529
vt 0.3196 0.3471
vt 0.3196 0.6529
vt 0.0138 0.3196
vt 0.3196 0.0138
vt 0.3196 0.3196
vt 0.3471 0.0138
vt 0.6529 0.3196
vt 0.3471 0.3196
vt 0.6804 0.3196
vt 0.9862 0.0138
vt 0.9862 0.3196
vt 0.3196 0.9862
vt 0.0138 0.6804
vt 0.3196 0.6804
vt 0.3471 0.3471
vt 0.0138 0.3471
vt 0.0138 0.0138
vt 0.6529 0.0138
vt 0.6804 0.0138
vt 0.0138 0.9862
vt 0.3471 0.6529
vt 0.6529 0.3471
vt 0.6529 0.6529
vt 0.0138 0.6529
vt 0.3196 0.3471
vt 0.3196 0.6529
vt 0.0138 0.3196
vt 0.3196 0.0138
vt 0.3196 0.3196
vt 0.3471 0.0138
vt 0.6529 0.3196
vt 0.3471 0.3196
vt 0.6804 0.3196
vt 0.9862 0.0138
vt 0.9862 0.3196
vt 0.3196 0.9862
vt 0.0138 0.6804
vt 0.3196 0.6804
vt 0.3471 0.3471
vt 0.0138 0.3471
vt 0.0138 0.0138
vt 0.6529 0.0138
vt 0.6804 0.0138
vt 0.0138 0.9862
vt 0.3471 0.6529
vt 0.6529 0.3471
vt 0.6529 0.6529
vt 0.0138 0.6529
vt 0.3196 0.3471
vt 0.3196 0.6529
vt 0.0138 0.3196
vt 0.3196 0.0138
vt 0.3196 0.3196
vt 0.3471 0.0138
vt 0.6529 0.3196
vt 0.3471 0.3196
vt 0.6804 0.3196
vt 0.9862 0.0138
vt 0.9862 0.3196
vt 0.3196 0.9862
vt 0.0138 0.6804
vt 0.3196 0.6804
vt 0.3471 0.3471
vt 0.0138 0.3471
vt 0.0138 0.0138
vt 0.6529 0.0138
vt 0.6804 0.0138
vt 0.0138 0.9862
vt 0.3471 0.6529
vt 0.6529 0.3471
vt 0.6529 0.6529
vt 0.0138 0.6529
vt 0.3196 0.3471
vt 0.3196 0.6529
vt 0.0138 0.3196
vt 0.3196 0.0138
vt 0.3196 0.3196
vt 0.3471 0.0138
vt 0.6529 0.3196
vt 0.3471 0.3196
vt 0.6804 0.3196
vt 0.9862 0.0138
vt 0.9862 0.3196
vt 0.3196 0.9862
vt 0.0138 0.6804
vt 0.3196 0.6804
vt 0.3471 0.3471
vt 0.0138 0.3471
vt 0.0138 0.0138
vt 0.6529 0.0138
vt 0.6804 0.0138
vt 0.0138 0.9862
vt 0.3471 0.6529
vt 0.6529 0.3471
vt 0.6529 0.6529
vt 0.0138 0.6529
vt 0.3196 0.3471
vt 0.3196 0.6529
vt 0.0138 0.3196
vt 0.3196 0.0138
vt 0.3196 0.3196
vt 0.3471 0.0138
vt 0.6529 0.3196
vt 0.3471 0.3196
vt 0.6804 0.3196
vt 0.9862 0.0138
vt 0.9862 0.3196
vt 0.3196 0.9862
vt 0.0138 0.6804
vt 0.3196 0.6804
vt 0.3471 0.3471
vt 0.0138 0.3471
vt 0.0138 0.0138
vt 0.6529 0.0138
vt 0.6804 0.0138
vt 0.0138 0.9862
vt 0.3471 0.6529
vt 0.6529 0.3471
vt 0.6529 0.6529
vt 0.0138 0.6529
vt 0.3196 0.3471
vt 0.3196 0.6529
vt 0.0138 0.3196
vt 0.3196 0.0138
vt 0.3196 0.3196
vt 0.3471 0.0138
vt 0.6529 0.3196
vt 0.3471 0.3196
vt 0.6804 0.3196
vt 0.9862 0.0138
vt 0.9862 0.3196
vt 0.3196 0.9862
vt 0.0138 0.6804
vt 0.3196 0.6804
vt 0.3471 0.3471
vt 0.0138 0.3471
vt 0.0138 0.0138
vt 0.6529 0.0138
vt 0.6804 0.0138
vt 0.0138 0.9862
vt 0.3471 0.6529
vt 0.6529 0.3471
vt 0.6529 0.6529
vt 0.0138 0.6529
vt 0.3196 0.3471
vt 0.3196 0.6529
vt 0.0138 0.3196
vt 0.3196 0.0138
vt 0.3196 0.3196
vt 0.3471 0.0138
vt 0.6529 0.3196
vt 0.3471 0.3196
vt 0.6804 0.3196
vt 0.9862 0.0138
vt 0.9862 0.3196
vt 0.3196 0.9862
vt 0.0138 0.6804
vt 0.3196 0.6804
vt 0.3471 0.3471
vt 0.0138 0.3471
vt 0.0138 0.0138
vt 0.6529 0.0138
vt 0.6804 0.0138
vt 0.0138 0.9862
vt 0.3471 0.6529
vt 0.6529 0.3471
vt 0.6529 0.6529
vt 0.0138 0.6529
vt 0.3196 0.3471
vt 0.3196 0.6529
vt 0.0138 0.3196
vt 0.3196 0.0138
vt 0.3196 0.3196
vt 0.3471 0.0138
vt 0.6529 0.3196
vt 0.3471 0.3196
vt 0.6804 0.3196
vt 0.9862 0.0138
vt 0.9862 0.3196
vt 0.3196 0.9862
vt 0.0138 0.6804
vt 0.3196 0.6804
vt 0.3471 0.3471
vt 0.0138 0.3471
vt 0.0138 0.0138
vt 0.6529 0.0138
vt 0.6804 0.0138
vt 0.0138 0.9862
vt 0.3471 0.6529
vt 0.6529 0.3471
vt 0.6529 0.6529
vt 0.0138 0.6529
vt 0.3196 0.3471
vt 0.3196 0.6529
vt 0.0138 0.3196
vt 0.3196 0.0138
vt 0.3196 0.3196
vt 0.3471 0.0138
vt 0.6529 0.3196
vt 0.3471 0.3196
vt 0.6804 0.3196
vt 0.9862 0.0138
vt 0.9862 0.3196
vt 0.3196 0.9862
vt 0.0138 0.6804
vt 0.3196 0.6804
vt 0.3471 0.3471
vt 0.0138 0.3471
vt 0.0138 0.0138
vt 0.6529 0.0138
vt 0.6804 0.0138
vt 0.0138 0.9862
vt 0.3471 0.6529
vt 0.6529 0.3471
vt 0.6529 0.6529
vt 0.0138 0.6529
vt 0.3196 0.3471
vt 0.3196 0.6529
vt 0.0138 0.3196
vt 0.3196 0.0138
vt 0.3196 0.3196
vt 0.3471 0.0138
vt 0.6529 0.3196
vt 0.3471 0.3196
vt 0.6804 0.3196
vt 0.9862 0.0138
vt 0.9862 0.3196
vt 0.3196 0.9862
vt 0.0138 0.6804
vt 0.3196 0.6804
vt 0.3471 0.3471
vt 0.0138 0.3471
vt 0.0138 0.0138
vt 0.6529 0.0138
vt 0.6804 0.0138
vt 0.0138 0.9862
vt 0.3471 0.6529
vt 0.6529 0.3471
vt 0.6529 0.6529
vt 0.0138 0.6529
vt 0.3196 0.3471
vt 0.3196 0.6529
vt 0.0138 0.3196
vt 0.3196 0.0138
vt 0.3196 0.3196
vt 0.3471 0.0138
vt 0.6529 0.3196
vt 0.3471 0.3196
vt 0.6804 0.3196
vt 0.9862 0.0138
vt 0.9862 0.3196
vt 0.3196 0.9862
vt 0.0138 0.6804
vt 0.3196 0.6804
vt 0.3471 0.3471
vt 0.0138 0.3471
vt 0.0138 0.0138
vt 0.6529 0.0138
vt 0.6804 0.0138
vt 0.0138 0.9862
vt 0.3471 0.6529
vt 0.6529 0.3471
vt 0.6529 0.6529
vt 0.0138 0.6529
vt 0.3196 0.3471
vt 0.3196 0.6529
vt 0.0138 0.3196
vt 0.3196 0.0138
vt 0.3196 0.3196
vt 0.3471 0.0138
vt 0.6529 0.3196
vt 0.3471 0.3196
vt 0.6804 0.3196
vt 0.9862 0.0138
vt 0.9862 0.3196
vt 0.3196 0.9862
vt 0.0138 0.6804
vt 0.3196 0.6804
vt 0.3471 0.3471
vt 0.0138 0.3471
vt 0.0138 0.0138
vt 0.6529 0.0138
vt 0.6804 0.0138
vt 0.0138 0.9862
vt 0.3471 0.6529
vt 0.6529 0.3471
vt 0.6529 0.6529
vt 0.0138 0.6529
vt 0.3196 0.3471
vt 0.3196 0.6529
vt 0.0138 0.3196
vt 0.3196 0.0138
vt 0.3196 0.3196
vt 0.3471 0.0138
vt 0.6529 0.3196
vt 0.3471 0.3196
vt 0.6804 0.3196
vt 0.9862 0.0138
vt 0.9862 0.3196
vt 0.3196 0.9862
vt 0.0138 0.6804
vt 0.3196 0.6804
vt 0.3471 0.3471
vt 0.0138 0.3471
vt 0.0138 0.0138
vt 0.6529 0.0138
vt 0.6804 0.0138
vt 0.0138 0.9862
vt 0.3471 0.6529
vt 0.6529 0.3471
vt 0.6529 0.6529
vt 0.0138 0.6529
vt 0.3196 0.3471
vt 0.3196 0.6529
vt 0.0138 0.3196
vt 0.3196 0.0138
vt 0.3196 0.3196
vt 0.3471 0.0138
vt 0.6529 0.3196
vt 0.3471 0.3196
vt 0.6804 0.3196
vt 0.9862 0.0138
vt 0.9862 0.3196
vt 0.3196 0.9862
vt 0.0138 0.6804
vt 0.3196 0.6804
vt 0.3471 0.3471
vt 0.0138 0.3471
vt 0.0138 0.0138
vt 0.6529 0.0138
vt 0.6804 0.0138
vt 0.0138 0.9862
vt 0.3471 0.6529
vt 0.6529 0.3471
vt 0.6529 0.6529
vt 0.0138 0.6529
vt 0.3196 0.3471
vt 0.3196 0.6529
vt 0.0138 0.3196
vt 0.3196 0.0138
vt 0.3196 0.3196
vt 0.3471 0.0138
vt 0.6529 0.3196
vt 0.3471 0.3196
vt 0.6804 0.3196
vt 0.9862 0.0138
vt 0.9862 0.3196
vt 0.3196 0.9862
vt 0.0138 0.6804
vt 0.3196 0.6804
vt 0.3471 0.3471
vt 0.0138 0.3471
vt 0.0138 0.0138
vt 0.6529 0.0138
vt 0.6804 0.0138
vt 0.0138 0.9862
vt 0.3471 0.6529
vt 0.6529 0.3471
vt 0.6529 0.6529
vt 0.0138 0.6529
vt 0.3196 0.3471
vt 0.3196 0.6529
vt 0.0138 0.3196
vt 0.3196 0.0138
vt 0.3196 0.3196
vt 0.3471 0.0138
vt 0.6529 0.3196
vt 0.3471 0.3196
vt 0.6804 0.3196
vt 0.9862 0.0138
vt 0.9862 0.3196
vt 0.3196 0.9862
vt 0.0138 0.6804
vt 0.3196 0.6804
vt 0.3471 0.3471
vt 0.0138 0.3471
vt 0.0138 0.0138
vt 0.6529 0.0138
vt 0.6804 0.0138
vt 0.0138 0.9862
vt 0.3471 0.6529
vt 0.6529 0.3471
vt 0.6529 0.6529
vt 0.0138 0.6529
vt 0.3196 0.3471
vt 0.3196 0.6529
vt 0.0138 0.3196
vt 0.3196 0.0138
vt 0.3196 0.3196
vt 0.3471 0.0138
vt 0.6529 0.3196
vt 0.3471 0.3196
vt 0.6804 0.3196
vt 0.9862 0.0138
vt 0.9862 0.3196
vt 0.3196 0.9862
vt 0.0138 0.6804
vt 0.3196 0.6804
vt 0.3471 0.3471
vt 0.0138 0.3471
vt 0.0138 0.0138
vt 0.6529 0.0138
vt 0.6804 0.0138
vt 0.0138 0.9862
vt 0.3471 0.6529
vt 0.6529 0.3471
vt 0.6529 0.6529
vt 0.0138 0.6529
vt 0.3196 0.3471
vt 0.3196 0.6529
vt 0.0138 0.3196
vt 0.3196 0.0138
vt 0.3196 0.3196
vt 0.3471 0.0138
vt 0.6529 0.3196
vt 0.3471 0.3196
vt 0.6804 0.3196
vt 0.9862 0.0138
vt 0.9862 0.3196
vt 0.3196 0.9862
vt 0.0138 0.6804
vt 0.3196 0.6804
vt 0.3471 0.3471
vt 0.0138 0.3471
vt 0.0138 0.0138
vt 0.6529 0.0138
vt 0.6804 0.0138
vt 0.0138 0.9862
vt 0.3471 0.6529
vt 0.6529 0.3471
vt 0.6529 0.6529
vt 0.0138 0.6529
vt 0.3196 0.3471
vt 0.3196 0.6529
vt 0.0138 0.3196
vt 0.3196 0.0138
vt 0.3196 0.3196
vt 0.3471 0.0138
vt 0.6529 0.3196
vt 0.3471 0.3196
vt 0.6804 0.3196
vt 0.9862 0.0138
vt 0.9862 0.3196
vt 0.3196 0.9862
vt 0.0138 0.6804
vt 0.3196 0.6804
vt 0.3471 0.3471
vt 0.0138 0.3471
vt 0.0138 0.0138
vt 0.6529 0.0138
vt 0.6804 0.0138
vt 0.0138 0.9862
vt 0.3471 0.6529
vt 0.6529 0.3471
vt 0.6529 0.6529
vt 0.0138 0.6529
vt 0.3196 0.3471
vt 0.3196 0.6529
vt 0.0138 0.3196
vt 0.3196 0.0138
vt 0.3196 0.3196
vt 0.3471 0.0138
vt 0.6529 0.3196
vt 0.3471 0.3196
vt 0.6804 0.3196
vt 0.9862 0.0138
vt 0.9862 0.3196
vt 0.3196 0.9862
vt 0.0138 0.6804
vt 0.3196 0.6804
vt 0.3471 0.3471
vt 0.0138 0.3471
vt 0.0138 0.0138
vt 0.6529 0.0138
vt 0.6804 0.0138
vt 0.0138 0.9862
vt 0.3471 0.6529
vt 0.6529 0.3471
vt 0.6529 0.6529
vt 0.0138 0.6529
vt 0.3196 0.3471
vt 0.3196 0.6529
vt 0.0138 0.3196
vt 0.3196 0.0138
vt 0.3196 0.3196
vt 0.3471 0.0138
vt 0.6529 0.3196
vt 0.3471 0.3196
vt 0.6804 0.3196
vt 0.9862 0.0138
vt 0.9862 0.3196
vt 0.3196 0.9862
vt 0.0138 0.6804
vt 0.3196 0.6804
vt 0.3471 0.3471
vt 0.0138 0.3471
vt 0.0138 0.0138
vt 0.6529 0.0138
vt 0.6804 0.0138
vt 0.0138 0.9862
vt 0.3471 0.6529
vt 0.6529 0.3471
vt 0.6529 0.6529
vt 0.0138 0.6529
vt 0.3196 0.3471
vt 0.3196 0.6529
vt 0.0138 0.3196
vt 0.3196 0.0138
vt 0.3196 0.3196
vt 0.3471 0.0138
vt 0.6529 0.3196
vt 0.3471 0.3196
vt 0.6804 0.3196
vt 0.9862 0.0138
vt 0.9862 0.3196
vt 0.3196 0.9862
vt 0.0138 0.6804
vt 0.3196 0.6804
vt 0.3471 0.3471
vt 0.0138 0.3471
vt 0.0138 0.0138
vt 0.6529 0.0138
vt 0.6804 0.0138
vt 0.0138 0.9862
vt 0.3471 0.6529
vt 0.6529 0.3471
vt 0.6529 0.6529
vt 0.0138 0.6529
vt 0.3196 0.3471
vt 0.3196 0.6529
vt 0.0138 0.3196
vt 0.3196 0.0138
vt 0.3196 0.3196
vt 0.3471 0.0138
vt 0.6529 0.3196
vt 0.3471 0.3196
vt 0.6804 0.3196
vt 0.9862 0.0138
vt 0.9862 0.3196
vt 0.3196 0.9862
vt 0.0138 0.6804
vt 0.3196 0.6804
vt 0.3471 0.3471
vt 0.0138 0.3471
vt 0.0138 0.0138
vt 0.6529 0.0138
vt 0.6804 0.0138
vt 0.0138 0.9862
vt 0.3471 0.6529
vt 0.6529 0.3471
vt 0.6529 0.6529
vt 0.0138 0.6529
vt 0.3196 0.3471
vt 0.3196 0.6529
vt 0.0138 0.3196
vt 0.3196 0.0138
vt 0.3196 0.3196
vt 0.3471 0.0138
vt 0.6529 0.3196
vt 0.3471 0.3196
vt 0.6804 0.3196
vt 0.9862 0.0138
vt 0.9862 0.3196
vt 0.3196 0.9862
vt 0.0138 0.6804
vt 0.3196 0.6804
vt 0.3471 0.3471
vt 0.0138 0.3471
vt 0.0138 0.0138
vt 0.6529 0.0138
vt 0.6804 0.0138
vt 0.0138 0.9862
vt 0.3471 0.6529
vt 0.6529 0.3471
vt 0.6529 0.6529
vt 0.0138 0.6529
vt 0.3196 0.3471
vt 0.3196 0.6529
vt 0.0138 0.3196
vt 0.3196 0.0138
vt 0.3196 0.3196
vt 0.3471 0.0138
vt 0.6529 0.3196
vt 0.3471 0.3196
vt 0.6804 0.3196
vt 0.9862 0.0138
vt 0.9862 0.3196
vt 0.3196 0.9862
vt 0.0138 0.6804
vt 0.3196 0.6804
vt 0.3471 0.3471
vt 0.0138 0.3471
vt 0.0138 0.0138
vt 0.6529 0.0138
vt 0.6804 0.0138
vt 0.0138 0.9862
vt 0.3471 0.6529
vt 0.6529 0.3471
vt 0.6529 0.6529
vt 0.0138 0.6529
vt 0.3196 0.3471
vt 0.3196 0.6529
vt 0.0138 0.3196
vt 0.3196 0.0138
vt 0.3196 0.3196
vt 0.3471 0.0138
vt 0.6529 0.3196
vt 0.3471 0.3196
vt 0.6804 0.3196
vt 0.9862 0.0138
vt 0.9862 0.3196
vt 0.3196 0.9862
vt 0.0138 0.6804
vt 0.3196 0.6804
vt 0.3471 0.3471
vt 0.0138 0.3471
vt 0.0138 0.0138
vt 0.6529 0.0138
vt 0.6804 0.0138
vt 0.0138 0.9862
vt 0.3471 0.6529
vt 0.6529 0.3471
vt 0.6529 0.6529
vt 0.0138 0.6529
vt 0.3196 0.3471
vt 0.3196 0.6529
vt 0.0138 0.3196
vt 0.3196 0.0138
vt 0.3196 0.3196
vt 0.3471 0.0138
vt 0.6529 0.3196
vt 0.3471 0.3196
vt 0.6804 0.3196
vt 0.9862 0.0138
vt 0.9862 0.3196
vt 0.3196 0.9862
vt 0.0138 0.6804
vt 0.3196 0.6804
vt 0.3471 0.3471
vt 0.0138 0.3471
vt 0.0138 0.0138
vt 0.6529 0.0138
vt 0.6804 0.0138
vt 0.0138 0.9862
vt 0.3471 0.6529
vt 0.6529 0.3471
vt 0.6529 0.6529
vt 0.0138 0.6529
vt 0.3196 0.3471
vt 0.3196 0.6529
vt 0.0138 0.3196
vt 0.3196 0.0138
vt 0.3196 0.3196
vt 0.3471 0.0138
vt 0.6529 0.3196
vt 0.3471 0.3196
vt 0.6804 0.3196
vt 0.9862 0.0138
vt 0.9862 0.3196
vt 0.3196 0.9862
vt 0.0138 0.6804
vt 0.3196 0.6804
vt 0.3471 0.3471
vt 0.0138 0.3471
vt 0.0138 0.0138
vt 0.6529 0.0138
vt 0.6804 0.0138
vt 0.0138 0.9862
vt 0.3471 0.6529
vt 0.6529 0.3471
vt 0.6529 0.6529
vt 0.0138 0.6529
vt 0.3196 0.3471
vt 0.3196 0.6529
vt 0.0138 0.3196
vt 0.3196 0.0138
vt 0.3196 0.3196
vt 0.3471 0.0138
vt 0.6529 0.3196
vt 0.3471 0.3196
vt 0.6804 0.3196
vt 0.9862 0.0138
vt 0.9862 0.3196
vt 0.3196 0.9862
vt 0.0138 0.6804
vt 0.3196 0.6804
vt 0.3471 0.3471
vt 0.0138 0.3471
vt 0.0138 0.0138
vt 0.6529 0.0138
vt 0.6804 0.0138
vt 0.0138 0.9862
vt 0.3471 0.6529
vt 0.6529 0.3471
vt 0.6529 0.6529
vt 0.0138 0.6529
vt 0.3196 0.3471
vt 0.3196 0.6529
vt 0.0138 0.3196
vt 0.3196 0.0138
vt 0.3196 0.3196
vt 0.3471 0.0138
vt 0.6529 0.3196
vt 0.3471 0.3196
vt 0.6804 0.3196
vt 0.9862 0.0138
vt 0.9862 0.3196
vt 0.3196 0.9862
vt 0.0138 0.6804
vt 0.3196 0.6804
vt 0.3471 0.3471
vt 0.0138 0.3471
vt 0.0138 0.0138
vt 0.6529 0.0138
vt 0.6804 0.0138
vt 0.0138 0.9862
vt 0.3471 0.6529
vt 0.6529 0.3471
vt 0.6529 0.6529
vt 0.0138 0.6529
vt 0.3196 0.3471
vt 0.3196 0.6529
vt 0.0138 0.3196
vt 0.3196 0.0138
vt 0.3196 0.3196
vt 0.3471 0.0138
vt 0.6529 0.3196
vt 0.3471 0.3196
vt 0.6804 0.3196
vt 0.9862 0.0138
vt 0.9862 0.3196
vt 0.3196 0.9862
vt 0.0138 0.6804
vt 0.3196 0.6804
vt 0.3471 0.3471
vt 0.0138 0.3471
vt 0.0138 0.0138
vt 0.6529 0.0138
vt 0.6804 0.0138
vt 0.0138 0.9862
vt 0.3471 0.6529
vt 0.6529 0.3471
vt 0.6529 0.6529
vt 0.0138 0.6529
vt 0.3196 0.3471
vt 0.3196 0.6529
vt 0.0138 0.3196
vt 0.3196 0.0138
vt 0.3196 0.3196
vt 0.3471 0.0138
vt 0.6529 0.3196
vt 0.3471 0.3196
vt 0.6804 0.3196
vt 0.9862 0.0138
vt 0.9862 0.3196
vt 0.3196 0.9862
vt 0.0138 0.6804
vt 0.3196 0.6804
vt 0.3471 0.3471
vt 0.0138 0.3471
vt 0.0138 0.0138
vt 0.6529 0.0138
vt 0.6804 0.0138
vt 0.0138 0.9862
vt 0.3471 0.6529
vt 0.6529 0.3471
vt 0.6529 0.6529
vt 0.0138 0.6529
vt 0.3196 0.3471
vt 0.3196 0.6529
vt 0.0138 0.3196
vt 0.3196 0.0138
vt 0.3196 0.3196
vt 0.3471 0.0138
vt 0.6529 0.3196
vt 0.3471 0.3196
vt 0.6804 0.3196
vt 0.9862 0.0138
vt 0.9862 0.3196
vt 0.3196 0.9862
vt 0.0138 0.6804
vt 0.3196 0.6804
vt 0.3471 0.3471
vt 0.0138 0.3471
vt 0.0138 0.0138
vt 0.6529 0.0138
vt 0.6804 0.0138
vt 0.0138 0.9862
vt 0.3471 0.6529
vt 0.6529 0.3471
vt 0.6529 0.6529
vt 0.0138 0.6529
vt 0.3196 0.3471
vt 0.3196 0.6529
vt 0.0138 0.3196
vt 0.3196 0.0138
vt 0.3196 0.3196
vt 0.3471 0.0138
vt 0.6529 0.3196
vt 0.3471 0.3196
vt 0.6804 0.3196
vt 0.9862 0.0138
vt 0.9862 0.3196
vt 0.3196 0.9862
vt 0.0138 0.6804
vt 0.3196 0.6804
vt 0.3471 0.3471
vt 0.0138 0.3471
vt 0.0138 0.0138
vt 0.6529 0.0138
vt 0.6804 0.0138
vt 0.0138 0.9862
vt 0.3471 0.6529
vt 0.6529 0.3471
vt 0.6529 0.6529
vt 0.0138 0.6529
vt 0.3196 0.3471
vt 0.3196 0.6529
vt 0.0138 0.3196
vt 0.3196 0.0138
vt 0.3196 0.3196
vt 0.3471 0.0138
vt 0.6529 0.3196
vt 0.3471 0.3196
vt 0.6804 0.3196
vt 0.9862 0.0138
vt 0.9862 0.3196
vt 0.3196 0.9862
vt 0.0138 0.6804
vt 0.3196 0.6804
vt 0.3471 0.3471
vt 0.0138 0.3471
vt 0.0138 0.0138
vt 0.6529 0.0138
vt 0.6804 0.0138
vt 0.0138 0.9862
vt 0.3471 0.6529
vt 0.6529 0.3471
vt 0.6529 0.6529
vt 0.0138 0.6529
vt 0.3196 0.3471
vt 0.3196 0.6529
vt 0.0138 0.3196
vt 0.3196 0.0138
vt 0.3196 0.3196
vt 0.3471 0.0138
vt 0.6529 0.3196
vt 0.3471 0.3196
vt 0.6804 0.3196
vt 0.9862 0.0138
vt 0.9862 0.3196
vt 0.3196 0.9862
vt 0.0138 0.6804
vt 0.3196 0.6804
vt 0.3471 0.3471
vt 0.0138 0.3471
vt 0.0138 0.0138
vt 0.6529 0.0138
vt 0.6804 0.0138
vt 0.0138 0.9862
vt 0.3471 0.6529
vt 0.6529 0.3471
vt 0.6529 0.6529
vt 0.0138 0.6529
vt 0.3196 0.3471
vt 0.3196 0.6529
vt 0.0138 0.3196
vt 0.3196 0.0138
vt 0.3196 0.3196
vt 0.3471 0.0138
vt 0.6529 0.3196
vt 0.3471 0.3196
vt 0.6804 0.3196
vt 0.9862 0.0138
vt 0.9862 0.3196
vt 0.3196 0.9862
vt 0.0138 0.6804
vt 0.3196 0.6804
vt 0.3471 0.3471
vt 0.0138 0.3471
vt 0.0138 0.0138
vt 0.6529 0.0138
vt 0.6804 0.0138
vt 0.0138 0.9862
vt 0.3471 0.6529
vt 0.6529 0.3471
vt 0.6529 0.6529
vt 0.0138 0.6529
vt 0.3196 0.3471
vt 0.3196 0.6529
vt 0.0138 0.3196
vt 0.3196 0.0138
vt 0.3196 0.3196
vt 0.3471 0.0138
vt 0.6529 0.3196
vt 0.3471 0.3196
vt 0.6804 0.3196
vt 0.9862 0.0138
vt 0.9862 0.3196
vt 0.3196 0.9862
vt 0.0138 0.6804
vt 0.3196 0.6804
vt 0.3471 0.3471
vt 0.0138 0.3471
vt 0.0138 0.0138
vt 0.6529 0.0138
vt 0.6804 0.0138
vt 0.0138 0.9862
vt 0.3471 0.6529
vt 0.6529 0.3471
vt 0.6529 0.6529
vt 0.0138 0.6529
vt 0.3196 0.3471
vt 0.3196 0.6529
vt 0.0138 0.3196
vt 0.3196 0.0138
vt 0.3196 0.3196
vt 0.3471 0.0138
vt 0.6529 0.3196
vt 0.3471 0.3196
vt 0.6804 0.3196
vt 0.9862 0.0138
vt 0.9862 0.3196
vt 0.3196 0.9862
vt 0.0138 0.6804
vt 0.3196 0.6804
vt 0.3471 0.3471
vt 0.0138 0.3471
vt 0.0138 0.0138
vt 0.6529 0.0138
vt 0.6804 0.0138
vt 0.0138 0.9862
vt 0.3471 0.6529
vt 0.6529 0.3471
vt 0.6529 0.6529
vt 0.0138 0.6529
vt 0.3196 0.3471
vt 0.3196 0.6529
vt 0.0138 0.3196
vt 0.3196 0.0138
vt 0.3196 0.3196
vt 0.3471 0.0138
vt 0.6529 0.3196
vt 0.3471 0.3196
vt 0.6804 0.3196
vt 0.9862 0.0138
vt 0.9862 0.3196
vt 0.3196 0.9862
vt 0.0138 0.6804
vt 0.3196 0.6804
vt 0.3471 0.3471
vt 0.0138 0.3471
vt 0.0138 0.0138
vt 0.6529 0.0138
vt 0.6804 0.0138
vt 0.0138 0.9862
vt 0.3471 0.6529
vt 0.6529 0.3471
vt 0.6529 0.6529
vt 0.0138 0.6529
vt 0.3196 0.3471
vt 0.3196 0.6529
vt 0.0138 0.3196
vt 0.3196 0.0138
vt 0.3196 0.3196
vt 0.3471 0.0138
vt 0.6529 0.3196
vt 0.3471 0.3196
vt 0.6804 0.3196
vt 0.9862 0.0138
vt 0.9862 0.3196
vt 0.3196 0.9862
vt 0.0138 0.6804
vt 0.3196 0.6804
vt 0.3471 0.3471
vt 0.0138 0.3471
vt 0.0138 0.0138
vt 0.6529 0.0138
vt 0.6804 0.0138
vt 0.0138 0.9862
vt 0.3471 0.6529
vt 0.6529 0.3471
vt 0.6529 0.6529
vt 0.0138 0.6529
vt 0.3196 0.3471
vt 0.3196 0.6529
vt 0.0138 0.3196
vt 0.3196 0.0138
vt 0.3196 0.3196
vt 0.3471 0.0138
vt 0.6529 0.3196
vt 0.3471 0.3196
vt 0.6804 0.3196
vt 0.9862 0.0138
vt 0.9862 0.3196
vt 0.3196 0.9862
vt 0.0138 0.6804
vt 0.3196 0.6804
vt 0.3471 0.3471
vt 0.0138 0.3471
vt 0.0138 0.0138
vt 0.6529 0.0138
vt 0.6804 0.0138
vt 0.0138 0.9862
vt 0.3471 0.6529
vt 0.6529 0.3471
vt 0.6529 0.6529
vt 0.0138 0.6529
vt 0.3196 0.3471
vt 0.3196 0.6529
vt 0.0138 0.3196
vt 0.3196 0.0138
vt 0.3196 0.3196
vt 0.3471 0.0138
vt 0.6529 0.3196
vt 0.3471 0.3196
vt 0.6804 0.3196
vt 0.9862 0.0138
vt 0.9862 0.3196
vt 0.3196 0.9862
vt 0.0138 0.6804
vt 0.3196 0.6804
vt 0.3471 0.3471
vt 0.0138 0.3471
vt 0.0138 0.0138
vt 0.6529 0.0138
vt 0.6804 0.0138
vt 0.0138 0.9862
vt 0.3471 0.6529
vt 0.6529 0.3471
vt 0.6529 0.6529
vt 0.0138 0.6529
vt 0.3196 0.3471
vt 0.3196 0.6529
vt 0.0138 0.3196
vt 0.3196 0.0138
vt 0.3196 0.3196
vt 0.3471 0.0138
vt 0.6529 0.3196
vt 0.3471 0.3196
vt 0.6804 0.3196
vt 0.9862 0.0138
vt 0.9862 0.3196
vt 0.3196 0.9862
vt 0.0138 0.6804
vt 0.3196 0.6804
vt 0.3471 0.3471
vt 0.0138 0.3471
vt 0.0138 0.0138
vt 0.6529 0.0138
vt 0.6804 0.0138
vt 0.0138 0.9862
vt 0.3471 0.6529
vt 0.6529 0.3471
vt 0.6529 0.6529
vt 0.0138 0.6529
vt 0.3196 0.3471
vt 0.3196 0.6529
vt 0.0138 0.3196
vt 0.3196 0.0138
vt 0.3196 0.3196
vt 0.3471 0.0138
vt 0.6529 0.3196
vt 0.3471 0.3196
vt 0.6804 0.3196
vt 0.9862 0.0138
vt 0.9862 0.3196
vt 0.3196 0.9862
vt 0.0138 0.6804
vt 0.3196 0.6804
vt 0.3471 0.3471
vt 0.0138 0.3471
vt 0.0138 0.0138
vt 0.6529 0.0138
vt 0.6804 0.0138
vt 0.0138 0.9862
vt 0.3471 0.6529
vt 0.6529 0.3471
vt 0.6529 0.6529
vt 0.0138 0.6529
vt 0.3196 0.3471
vt 0.3196 0.6529
vt 0.0138 0.3196
vt 0.3196 0.0138
vt 0.3196 0.3196
vt 0.3471 0.0138
vt 0.6529 0.3196
vt 0.3471 0.3196
vt 0.6804 0.3196
vt 0.9862 0.0138
vt 0.9862 0.3196
vt 0.3196 0.9862
vt 0.0138 0.6804
vt 0.3196 0.6804
vt 0.3471 0.3471
vt 0.0138 0.3471
vt 0.0138 0.0138
vt 0.6529 0.0138
vt 0.6804 0.0138
vt 0.0138 0.9862
vt 0.3471 0.6529
vt 0.6529 0.3471
vt 0.6529 0.6529
vt 0.0138 0.6529
vt 0.3196 0.3471
vt 0.3196 0.6529
vt 0.0138 0.3196
vt 0.3196 0.0138
vt 0.3196 0.3196
vt 0.3471 0.0138
vt 0.6529 0.3196
vt 0.3471 0.3196
vt 0.6804 0.3196
vt 0.9862 0.0138
vt 0.9862 0.3196
vt 0.3196 0.9862
vt 0.0138 0.6804
vt 0.3196 0.6804
vt 0.3471 0.3471
vt 0.0138 0.3471
vt 0.0138 0.0138
vt 0.6529 0.0138
vt 0.6804 0.0138
vt 0.0138 0.9862
vt 0.3471 0.6529
vt 0.6529 0.3471
vt 0.6529 0.6529
vt 0.0138 0.6529
vt 0.3196 0.3471
vt 0.3196 0.6529
vt 0.0138 0.3196
vt 0.3196 0.0138
vt 0.3196 0.3196
vt 0.3471 0.0138
vt 0.6529 0.3196
vt 0.3471 0.3196
vt 0.6804 0.3196
vt 0.9862 0.0138
vt 0.9862 0.3196
vt 0.3196 0.9862
vt 0.0138 0.6804
vt 0.3196 0.6804
vt 0.3471 0.3471
vt 0.0138 0.3471
vt 0.0138 0.0138
vt 0.6529 0.0138
vt 0.6804 0.0138
vt 0.0138 0.9862
vt 0.3471 0.6529
vt 0.6529 0.3471
vt 0.6529 0.6529
vt 0.0138 0.6529
vt 0.3196 0.3471
vt 0.3196 0.6529
vt 0.0138 0.3196
vt 0.3196 0.0138
vt 0.3196 0.3196
vt 0.3471 0.0138
vt 0.6529 0.3196
vt 0.3471 0.3196
vt 0.6804 0.3196
vt 0.9862 0.0138
vt 0.9862 0.3196
vt 0.3196 0.9862
vt 0.0138 0.6804
vt 0.3196 0.6804
vt 0.3471 0.3471
vt 0.0138 0.3471
vt 0.0138 0.0138
vt 0.6529 0.0138
vt 0.6804 0.0138
vt 0.0138 0.9862
vt 0.3471 0.6529
vt 0.6529 0.3471
vt 0.6529 0.6529
vt 0.0138 0.6529
vt 0.3196 0.3471
vt 0.3196 0.6529
vt 0.0138 0.3196
vt 0.3196 0.0138
vt 0.3196 0.3196
vt 0.3471 0.0138
vt 0.6529 0.3196
vt 0.3471 0.3196
vt 0.6804 0.3196
vt 0.9862 0.0138
vt 0.9862 0.3196
vt 0.3196 0.9862
vt 0.0138 0.6804
vt 0.3196 0.6804
vt 0.3471 0.3471
vt 0.0138 0.3471
vt 0.0138 0.0138
vt 0.6529 0.0138
vt 0.6804 0.0138
vt 0.0138 0.9862
vt 0.3471 0.6529
vt 0.6529 0.3471
vt 0.6529 0.6529
vt 0.0138 0.6529
vt 0.3196 0.3471
vt 0.3196 0.6529
vt 0.0138 0.3196
vt 0.3196 0.0138
vt 0.3196 0.3196
vt 0.3471 0.0138
vt 0.6529 0.3196
vt 0.3471 0.3196
vt 0.6804 0.3196
vt 0.9862 0.0138
vt 0.9862 0.3196
vt 0.3196 0.9862
vt 0.0138 0.6804
vt 0.3196 0.6804
vt 0.3471 0.3471
vt 0.0138 0.3471
vt 0.0138 0.0138
vt 0.6529 0.0138
vt 0.6804 0.0138
vt 0.0138 0.9862
vt 0.3471 0.6529
vt 0.6529 0.3471
vt 0.6529 0.6529
vt 0.0138 0.6529
vt 0.3196 0.3471
vt 0.3196 0.6529
vt 0.0138 0.3196
vt 0.3196 0.0138
vt 0.3196 0.3196
vt 0.3471 0.0138
vt 0.6529 0.3196
vt 0.3471 0.3196
vt 0.6804 0.3196
vt 0.9862 0.0138
vt 0.9862 0.3196
vt 0.3196 0.9862
vt 0.0138 0.6804
vt 0.3196 0.6804
vt 0.3471 0.3471
vt 0.0138 0.3471
vt 0.0138 0.0138
vt 0.6529 0.0138
vt 0.6804 0.0138
vt 0.0138 0.9862
vt 0.3471 0.6529
vt 0.6529 0.3471
vt 0.6529 0.6529
vt 0.0138 0.6529
vt 0.3196 0.3471
vt 0.3196 0.6529
vt 0.0138 0.3196
vt 0.3196 0.0138
vt 0.3196 0.3196
vt 0.3471 0.0138
vt 0.6529 0.3196
vt 0.3471 0.3196
vt 0.6804 0.3196
vt 0.9862 0.0138
vt 0.9862 0.3196
vt 0.3196 0.9862
vt 0.0138 0.6804
vt 0.3196 0.6804
vt 0.3471 0.3471
vt 0.0138 0.3471
vt 0.0138 0.0138
vt 0.6529 0.0138
vt 0.6804 0.0138
vt 0.0138 0.9862
vt 0.3471 0.6529
vt 0.6529 0.3471
vt 0.6529 0.6529
vt 0.0138 0.6529
vt 0.3196 0.3471
vt 0.3196 0.6529
vt 0.0138 0.3196
vt 0.3196 0.0138
vt 0.3196 0.3196
vt 0.3471 0.0138
vt 0.6529 0.3196
vt 0.3471 0.3196
vt 0.6804 0.3196
vt 0.9862 0.0138
vt 0.9862 0.3196
vt 0.3196 0.9862
vt 0.0138 0.6804
vt 0.3196 0.6804
vt 0.3471 0.3471
vt 0.0138 0.3471
vt 0.0138 0.0138
vt 0.6529 0.0138
vt 0.6804 0.0138
vt 0.0138 0.9862
vt 0.3471 0.6529
vt 0.6529 0.3471
vt 0.6529 0.6529
vt 0.0138 0.6529
vt 0.3196 0.3471
vt 0.3196 0.6529
vt 0.0138 0.3196
vt 0.3196 0.0138
vt 0.3196 0.3196
vt 0.3471 0.0138
vt 0.6529 0.3196
vt 0.3471 0.3196
vt 0.6804 0.3196
vt 0.9862 0.0138
vt 0.9862 0.3196
vt 0.3196 0.9862
vt 0.0138 0.6804
vt 0.3196 0.6804
vt 0.3471 0.3471
vt 0.0138 0.3471
vt 0.0138 0.0138
vt 0.6529 0.0138
vt 0.6804 0.0138
vt 0.0138 0.9862
vt 0.3471 0.6529
vt 0.6529 0.3471
vt 0.6529 0.6529
vt 0.0138 0.6529
vt 0.3196 0.3471
vt 0.3196 0.6529
vt 0.0138 0.3196
vt 0.3196 0.0138
vt 0.3196 0.3196
vt 0.3471 0.0138
vt 0.6529 0.3196
vt 0.3471 0.3196
vt 0.6804 0.3196
vt 0.9862 0.0138
vt 0.9862 0.3196
vt 0.3196 0.9862
vt 0.0138 0.6804
vt 0.3196 0.6804
vt 0.3471 0.3471
vt 0.0138 0.3471
vt 0.0138 0.0138
vt 0.6529 0.0138
vt 0.6804 0.0138
vt 0.0138 0.9862
vt 0.3471 0.6529
vt 0.6529 0.3471
vt 0.6529 0.6529
vt 0.0138 0.6529
vt 0.3196 0.3471
vt 0.3196 0.6529
vt 0.0138 0.3196
vt 0.3196 0.0138
vt 0.3196 0.3196
vt 0.3471 0.0138
vt 0.6529 0.3196
vt 0.3471 0.3196
vt 0.6804 0.3196
vt 0.9862 0.0138
vt 0.9862 0.3196
vt 0.3196 0.9862
vt 0.0138 0.6804
vt 0.3196 0.6804
vt 0.3471 0.3471
vt 0.0138 0.3471
vt 0.0138 0.0138
vt 0.6529 0.0138
vt 0.6804 0.0138
vt 0.0138 0.9862
vt 0.3471 0.6529
vt 0.6529 0.3471
vt 0.6529 0.6529
vt 0.0138 0.6529
vt 0.3196 0.3471
vt 0.3196 0.6529
vt 0.0138 0.3196
vt 0.3196 0.0138
vt 0.3196 0.3196
vt 0.3471 0.0138
vt 0.6529 0.3196
vt 0.3471 0.3196
vt 0.6804 0.3196
vt 0.9862 0.0138
vt 0.9862 0.3196
vt 0.3196 0.9862
vt 0.0138 0.6804
vt 0.3196 0.6804
vt 0.3471 0.3471
vt 0.0138 0.3471
vt 0.0138 0.0138
vt 0.6529 0.0138
vt 0.6804 0.0138
vt 0.0138 0.9862
vt 0.3471 0.6529
vt 0.6529 0.3471
vt 0.6529 0.6529
vt 0.0138 0.6529
vt 0.3196 0.3471
vt 0.3196 0.6529
vt 0.0138 0.3196
vt 0.3196 0.0138
vt 0.3196 0.3196
vt 0.3471 0.0138
vt 0.6529 0.3196
vt 0.3471 0.3196
vt 0.6804 0.3196
vt 0.9862 0.0138
vt 0.9862 0.3196
vt 0.3196 0.9862
vt 0.0138 0.6804
vt 0.3196 0.6804
vt 0.3471 0.3471
vt 0.0138 0.3471
vt 0.0138 0.0138
vt 0.6529 0.0138
vt 0.6804 0.0138
vt 0.0138 0.9862
vt 0.3471 0.6529
vt 0.6529 0.3471
vt 0.6529 0.6529
vt 0.0138 0.6529
vt 0.3196 0.3471
vt 0.3196 0.6529
vt 0.0138 0.3196
vt 0.3196 0.0138
vt 0.3196 0.3196
vt 0.3471 0.0138
vt 0.6529 0.3196
vt 0.3471 0.3196
vt 0.6804 0.3196
vt 0.9862 0.0138
vt 0.9862 0.3196
vt 0.3196 0.9862
vt 0.0138 0.6804
vt 0.3196 0.6804
vt 0.3471 0.3471
vt 0.0138 0.3471
vt 0.0138 0.0138
vt 0.6529 0.0138
vt 0.6804 0.0138
vt 0.0138 0.9862
vt 0.3471 0.6529
vt 0.6529 0.3471
vt 0.6529 0.6529
vt 0.0138 0.6529
vt 0.3196 0.3471
vt 0.3196 0.6529
vt 0.0138 0.3196
vt 0.3196 0.0138
vt 0.3196 0.3196
vt 0.3471 0.0138
vt 0.6529 0.3196
vt 0.3471 0.3196
vt 0.6804 0.3196
vt 0.9862 0.0138
vt 0.9862 0.3196
vt 0.3196 0.9862
vt 0.0138 0.6804
vt 0.3196 0.6804
vt 0.3471 0.3471
vt 0.0138 0.3471
vt 0.0138 0.0138
vt 0.6529 0.0138
vt 0.6804 0.0138
vt 0.0138 0.9862
vt 0.3471 0.6529
vt 0.6529 0.3471
vt 0.6529 0.6529
vt 0.0138 0.6529
vt 0.3196 0.3471
vt 0.3196 0.6529
vt 0.0138 0.3196
vt 0.3196 0.0138
vt 0.3196 0.3196
vt 0.3471 0.0138
vt 0.6529 0.3196
vt 0.3471 0.3196
vt 0.6804 0.3196
vt 0.9862 0.0138
vt 0.9862 0.3196
vt 0.3196 0.9862
vt 0.0138 0.6804
vt 0.3196 0.6804
vt 0.3471 0.3471
vt 0.0138 0.3471
vt 0.0138 0.0138
vt 0.6529 0.0138
vt 0.6804 0.0138
vt 0.0138 0.9862
vt 0.3471 0.6529
vt 0.6529 0.3471
vt 0.6529 0.6529
vt 0.0138 0.6529
vt 0.3196 0.3471
vt 0.3196 0.6529
vt 0.0138 0.3196
vt 0.3196 0.0138
vt 0.3196 0.3196
vt 0.3471 0.0138
vt 0.6529 0.3196
vt 0.3471 0.3196
vt 0.6804 0.3196
vt 0.9862 0.0138
vt 0.9862 0.3196
vt 0.3196 0.9862
vt 0.0138 0.6804
vt 0.3196 0.6804
vt 0.3471 0.3471
vt 0.0138 0.3471
vt 0.0138 0.0138
vt 0.6529 0.0138
vt 0.6804 0.0138
vt 0.0138 0.9862
vt 0.3471 0.6529
vt 0.6529 0.3471
vt 0.6529 0.6529
vt 0.0138 0.6529
vt 0.3196 0.3471
vt 0.3196 0.6529
vt 0.0138 0.3196
vt 0.3196 0.0138
vt 0.3196 0.3196
vt 0.3471 0.0138
vt 0.6529 0.3196
vt 0.3471 0.3196
vt 0.6804 0.3196
vt 0.9862 0.0138
vt 0.9862 0.3196
vt 0.3196 0.9862
vt 0.0138 0.6804
vt 0.3196 0.6804
vt 0.3471 0.3471
vt 0.0138 0.3471
vt 0.0138 0.0138
vt 0.6529 0.0138
vt 0.6804 0.0138
vt 0.0138 0.9862
vt 0.3471 0.6529
vt 0.6529 0.3471
vt 0.6529 0.6529
vt 0.0138 0.6529
vt 0.3196 0.3471
vt 0.3196 0.6529
vt 0.0138 0.3196
vt 0.3196 0.0138
vt 0.3196 0.3196
vt 0.3471 0.0138
vt 0.6529 0.3196
vt 0.3471 0.3196
vt 0.6804 0.3196
vt 0.9862 0.0138
vt 0.9862 0.3196
vt 0.3196 0.9862
vt 0.0138 0.6804
vt 0.3196 0.6804
vt 0.3471 0.3471
vt 0.0138 0.3471
vt 0.0138 0.0138
vt 0.6529 0.0138
vt 0.6804 0.0138
vt 0.0138 0.9862
vt 0.3471 0.6529
vt 0.6529 0.3471
vt 0.6529 0.6529
vt 0.0138 0.6529
vt 0.3196 0.3471
vt 0.3196 0.6529
vt 0.0138 0.3196
vt 0.3196 0.0138
vt 0.3196 0.3196
vt 0.3471 0.0138
vt 0.6529 0.3196
vt 0.3471 0.3196
vt 0.6804 0.3196
vt 0.9862 0.0138
vt 0.9862 0.3196
vt 0.3196 0.9862
vt 0.0138 0.6804
vt 0.3196 0.6804
vt 0.3471 0.3471
vt 0.0138 0.3471
vt 0.0138 0.0138
vt 0.6529 0.0138
vt 0.6804 0.0138
vt 0.0138 0.9862
vt 0.3471 0.6529
vt 0.6529 0.3471
vt 0.6529 0.6529
vt 0.0138 0.6529
vt 0.3196 0.3471
vt 0.3196 0.6529
vt 0.0138 0.3196
vt 0.3196 0.0138
vt 0.3196 0.3196
vt 0.3471 0.0138
vt 0.6529 0.3196
vt 0.3471 0.3196
vt 0.6804 0.3196
vt 0.9862 0.0138
vt 0.9862 0.3196
vt 0.3196 0.9862
vt 0.0138 0.6804
vt 0.3196 0.6804
vt 0.3471 0.3471
vt 0.0138 0.3471
vt 0.0138 0.0138
vt 0.6529 0.0138
vt 0.6804 0.0138
vt 0.0138 0.9862
vt 0.3471 0.6529
vt 0.6529 0.3471
vt 0.6529 0.6529
vt 0.0138 0.6529
vt 0.3196 0.3471
vt 0.3196 0.6529
vt 0.0138 0.3196
vt 0.3196 0.0138
vt 0.3196 0.3196
vt 0.3471 0.0138
vt 0.6529 0.3196
vt 0.3471 0.3196
vt 0.6804 0.3196
vt 0.9862 0.0138
vt 0.9862 0.3196
vt 0.3196 0.9862
vt 0.0138 0.6804
vt 0.3196 0.6804
vt 0.3471 0.3471
vt 0.0138 0.3471
vt 0.0138 0.0138
vt 0.6529 0.0138
vt 0.6804 0.0138
vt 0.0138 0.9862
vt 0.3471 0.6529
vt 0.6529 0.3471
vt 0.6529 0.6529
vt 0.0138 0.6529
vt 0.3196 0.3471
vt 0.3196 0.6529
vt 0.0138 0.3196
vt 0.3196 0.0138
vt 0.3196 0.3196
vt 0.3471 0.0138
vt 0.6529 0.3196
vt 0.3471 0.3196
vt 0.6804 0.3196
vt 0.9862 0.0138
vt 0.9862 0.3196
vt 0.3196 0.9862
vt 0.0138 0.6804
vt 0.3196 0.6804
vt 0.3471 0.3471
vt 0.0138 0.3471
vt 0.0138 0.0138
vt 0.6529 0.0138
vt 0.6804 0.0138
vt 0.0138 0.9862
vt 0.3471 0.6529
vt 0.6529 0.3471
vt 0.6529 0.6529
vt 0.0138 0.6529
vt 0.3196 0.3471
vt 0.3196 0.6529
vt 0.0138 0.3196
vt 0.3196 0.0138
vt 0.3196 0.3196
vt 0.3471 0.0138
vt 0.6529 0.3196
vt 0.3471 0.3196
vt 0.6804 0.3196
vt 0.9862 0.0138
vt 0.9862 0.3196
vt 0.3196 0.9862
vt 0.0138 0.6804
vt 0.3196 0.6804
vt 0.3471 0.3471
vt 0.0138 0.3471
vt 0.0138 0.0138
vt 0.6529 0.0138
vt 0.6804 0.0138
vt 0.0138 0.9862
vt 0.3471 0.6529
vt 0.6529 0.3471
vt 0.6529 0.6529
vt 0.0138 0.6529
vt 0.3196 0.3471
vt 0.3196 0.6529
vt 0.0138 0.3196
vt 0.3196 0.0138
vt 0.3196 0.3196
vt 0.3471 0.0138
vt 0.6529 0.3196
vt 0.3471 0.3196
vt 0.6804 0.3196
vt 0.9862 0.0138
vt 0.9862 0.3196
vt 0.3196 0.9862
vt 0.0138 0.6804
vt 0.3196 0.6804
vt 0.3471 0.3471
vt 0.0138 0.3471
vt 0.0138 0.0138
vt 0.6529 0.0138
vt 0.6804 0.0138
vt 0.0138 0.9862
vt 0.3471 0.6529
vt 0.6529 0.3471
vt 0.6529 0.6529
vt 0.0138 0.6529
vt 0.3196 0.3471
vt 0.3196 0.6529
vt 0.0138 0.3196
vt 0.3196 0.0138
vt 0.3196 0.3196
vt 0.3471 0.0138
vt 0.6529 0.3196
vt 0.3471 0.3196
vt 0.6804 0.3196
vt 0.9862 0.0138
vt 0.9862 0.3196
vt 0.3196 0.9862
vt 0.0138 0.6804
vt 0.3196 0.6804
vt 0.3471 0.3471
vt 0.0138 0.3471
vt 0.0138 0.0138
vt 0.6529 0.0138
vt 0.6804 0.0138
vt 0.0138 0.9862
vt 0.3471 0.6529
vt 0.6529 0.3471
vt 0.6529 0.6529
vt 0.0138 0.6529
vt 0.3196 0.3471
vt 0.3196 0.6529
vt 0.0138 0.3196
vt 0.3196 0.0138
vt 0.3196 0.3196
vt 0.3471 0.0138
vt 0.6529 0.3196
vt 0.3471 0.3196
vt 0.6804 0.3196
vt 0.9862 0.0138
vt 0.9862 0.3196
vt 0.3196 0.9862
vt 0.0138 0.6804
vt 0.3196 0.6804
vt 0.3471 0.3471
vt 0.0138 0.3471
vt 0.0138 0.0138
vt 0.6529 0.0138
vt 0.6804 0.0138
vt 0.0138 0.9862
vt 0.3471 0.6529
vt 0.6529 0.3471
vt 0.6529 0.6529
vt 0.0138 0.6529
vt 0.3196 0.3471
vt 0.3196 0.6529
vt 0.0138 0.3196
vt 0.3196 0.0138
vt 0.3196 0.3196
vt 0.3471 0.0138
vt 0.6529 0.3196
vt 0.3471 0.3196
vt 0.6804 0.3196
vt 0.9862 0.0138
vt 0.9862 0.3196
vt 0.3196 0.9862
vt 0.0138 0.6804
vt 0.3196 0.6804
vt 0.3471 0.3471
vt 0.0138 0.3471
vt 0.0138 0.0138
vt 0.6529 0.0138
vt 0.6804 0.0138
vt 0.0138 0.9862
vt 0.3471 0.6529
vt 0.6529 0.3471
vt 0.6529 0.6529
vt 0.0138 0.6529
vt 0.3196 0.3471
vt 0.3196 0.6529
vt 0.0138 0.3196
vt 0.3196 0.0138
vt 0.3196 0.3196
vt 0.3471 0.0138
vt 0.6529 0.3196
vt 0.3471 0.3196
vt 0.6804 0.3196
vt 0.9862 0.0138
vt 0.9862 0.3196
vt 0.3196 0.9862
vt 0.0138 0.6804
vt 0.3196 0.6804
vt 0.3471 0.3471
vt 0.0138 0.3471
vt 0.0138 0.0138
vt 0.6529 0.0138
vt 0.6804 0.0138
vt 0.0138 0.9862
vt 0.3471 0.6529
vt 0.6529 0.3471
vt 0.6529 0.6529
vt 0.0138 0.6529
vt 0.3196 0.3471
vt 0.3196 0.6529
vt 0.0138 0.3196
vt 0.3196 0.0138
vt 0.3196 0.3196
vt 0.3471 0.0138
vt 0.6529 0.3196
vt 0.3471 0.3196
vt 0.6804 0.3196
vt 0.9862 0.0138
vt 0.9862 0.3196
vt 0.3196 0.9862
vt 0.0138 0.6804
vt 0.3196 0.6804
vt 0.3471 0.3471
vt 0.0138 0.3471
vt 0.0138 0.0138
vt 0.6529 0.0138
vt 0.6804 0.0138
vt 0.0138 0.9862
vt 0.3471 0.6529
vt 0.6529 0.3471
vt 0.6529 0.6529
vt 0.0138 0.6529
vt 0.3196 0.3471
vt 0.3196 0.6529
vt 0.0138 0.3196
vt 0.3196 0.0138
vt 0.3196 0.3196
vt 0.3471 0.0138
vt 0.6529 0.3196
vt 0.3471 0.3196
vt 0.6804 0.3196
vt 0.9862 0.0138
vt 0.9862 0.3196
vt 0.3196 0.9862
vt 0.0138 0.6804
vt 0.3196 0.6804
vt 0.3471 0.3471
vt 0.0138 0.3471
vt 0.0138 0.0138
vt 0.6529 0.0138
vt 0.6804 0.0138
vt 0.0138 0.9862
vn -1.0000 0.0000 0.0000
vn 0.0000 0.0000 -1.0000
vn 1.0000 0.0000 0.0000
vn 0.0000 0.0000 1.0000
vn 0.0000 -1.0000 -0.0000
vn 0.0000 1.0000 0.0000
usemtl hallway_top_material
s 1
f 1/1/1 2/2/1 3/3/1
f 4/4/2 5/5/2 2/6/2
f 6/7/3 7/8/3 5/9/3
f 8/10/4 3/11/4 7/12/4
f 5/13/5 3/14/5 2/15/5
f 4/16/6 8/17/6 6/18/6
f 1/1/1 4/19/1 2/2/1
f 4/4/2 6/20/2 5/5/2
f 6/7/3 8/21/3 7/8/3
f 8/10/4 1/22/4 3/11/4
f 5/13/5 7/23/5 3/14/5
f 4/16/6 1/24/6 8/17/6
f 9/25/1 10/26/1 11/27/1
f 12/28/2 13/29/2 10/30/2
f 14/31/3 15/32/3 13/33/3
f 16/34/4 11/35/4 15/36/4
f 13/37/5 11/38/5 10/39/5
f 12/40/6 16/41/6 14/42/6
f 9/25/1 12/43/1 10/26/1
f 12/28/2 14/44/2 13/29/2
f 14/31/3 16/45/3 15/32/3
f 16/34/4 9/46/4 11/35/4
f 13/37/5 15/47/5 11/38/5
f 12/40/6 9/48/6 16/41/6
f 17/49/1 18/50/1 19/51/1
f 20/52/2 21/53/2 18/54/2
f 22/55/3 23/56/3 21/57/3
f 24/58/4 19/59/4 23/60/4
f 21/61/5 19/62/5 18/63/5
f 20/64/6 24/65/6 22/66/6
f 17/49/1 20/67/1 18/50/1
f 20/52/2 22/68/2 21/53/2
f 22/55/3 24/69/3 23/56/3
f 24/58/4 17/70/4 19/59/4
f 21/61/5 23/71/5 19/62/5
f 20/64/6 17/72/6 24/65/6
f 25/73/1 26/74/1 27/75/1
f 28/76/2 29/77/2 26/78/2
f 30/79/3 31/80/3 29/81/3
f 32/82/4 27/83/4 31/84/4
f 29/85/5 27/86/5 26/87/5
f 28/88/6 32/89/6 30/90/6
f 25/73/1 28/91/1 26/74/1
f 28/76/2 30/92/2 29/77/2
f 30/79/3 32/93/3 31/80/3
f 32/82/4 25/94/4 27/83/4
f 29/85/5 31/95/5 27/86/5
f 28/88/6 25/96/6 32/89/6
f 33/97/1 34/98/1 35/99/1
f 36/100/2 37/101/2 34/102/2
f 38/103/3 39/104/3 37/105/3
f 40/106/4 35/107/4 39/108/4
f 37/109/5 35/110/5 34/111/5
f 36/112/6 40/113/6 38/114/6
f 33/97/1 36/115/1 34/98/1
f 36/100/2 38/116/2 37/101/2
f 38/103/3 40/117/3 39/104/3
f 40/106/4 33/118/4 35/107/4
f 37/109/5 39/119/5 35/110/5
f 36/112/6 33/120/6 40/113/6
f 41/121/1 42/122/1 43/123/1
f 44/124/2 45/125/2 42/126/2
f 46/127/3 47/128/3 45/129/3
f 48/130/4 43/131/4 47/132/4
f 45/133/5 43/134/5 42/135/5
f 44/136/6 48/137/6 46/138/6
f 41/121/1 44/139/1 42/122/1
f 44/124/2 46/140/2 45/125/2
f 46/127/3 48/141/3 47/128/3
f 48/130/4 41/142/4 43/131/4
f 45/133/5 47/143/5 43/134/5
f 44/136/6 41/144/6 48/137/6
f 49/145/1 50/146/1 51/147/1
f 52/148/2 53/149/2 50/150/2
f 54/151/3 55/152/3 53/153/3
f 56/154/4 51/155/4 55/156/4
f 53/157/5 51/158/5 50/159/5
f 52/160/6 56/161/6 54/162/6
f 49/145/1 52/163/1 50/146/1
f 52/148/2 54/164/2 53/149/2
f 54/151/3 56/165/3 55/152/3
f 56/154/4 49/166/4 51/155/4
f 53/157/5 55/167/5 51/158/5
f 52/160/6 49/168/6 56/161/6
f 57/169/1 58/170/1 59/171/1
f 60/172/2 61/173/2 58/174/2
f 62/175/3 63/176/3 61/177/3
f 64/178/4 59/179/4 63/180/4
f 61/181/5 59/182/5 58/183/5
f 60/184/6 64/185/6 62/186/6
f 57/169/1 60/187/1 58/170/1
f 60/172/2 62/188/2 61/173/2
f 62/175/3 64/189/3 63/176/3
f 64/178/4 57/190/4 59/179/4
f 61/181/5 63/191/5 59/182/5
f 60/184/6 57/192/6 64/185/6
f 65/193/1 66/194/1 67/195/1
f 68/196/2 69/197/2 66/198/2
f 70/199/3 71/200/3 69/201/3
f 72/202/4 67/203/4 71/204/4
f 69/205/5 67/206/5 66/207/5
f 68/208/6 72/209/6 70/210/6
f 65/193/1 68/211/1 66/194/1
f 68/196/2 70/212/2 69/197/2
f 70/199/3 72/213/3 71/200/3
f 72/202/4 65/214/4 67/203/4
f 69/205/5 71/215/5 67/206/5
f 68/208/6 65/216/6 72/209/6
f 73/217/1 74/218/1 75/219/1
f 76/220/2 77/221/2 74/222/2
f 78/223/3 79/224/3 77/225/3
f 80/226/4 75/227/4 79/228/4
f 77/229/5 75/230/5 74/231/5
f 76/232/6 80/233/6 78/234/6
f 73/217/1 76/235/1 74/218/1
f 76/220/2 78/236/2 77/221/2
f 78/223/3 80/237/3 79/224/3
f 80/226/4 73/238/4 75/227/4
f 77/229/5 79/239/5 75/230/5
f 76/232/6 73/240/6 80/233/6
f 81/241/1 82/242/1 83/243/1
f 84/244/2 85/245/2 82/246/2
f 86/247/3 87/248/3 85/249/3
f 88/250/4 83/251/4 87/252/4
f 85/253/5 83/254/5 82/255/5
f 84/256/6 88/257/6 86/258/6
f 81/241/1 84/259/1 82/242/1
f 84/244/2 86/260/2 85/245/2
f 86/247/3 88/261/3 87/248/3
f 88/250/4 81/262/4 83/251/4
f 85/253/5 87/263/5 83/254/5
f 84/256/6 81/264/6 88/257/6
f 89/265/1 90/266/1 91/267/1
f 92/268/2 93/269/2 90/270/2
f 94/271/3 95/272/3 93/273/3
f 96/274/4 91/275/4 95/276/4
f 93/277/5 91/278/5 90/279/5
f 92/280/6 96/281/6 94/282/6
f 89/265/1 92/283/1 90/266/1
f 92/268/2 94/284/2 93/269/2
f 94/271/3 96/285/3 95/272/3
f 96/274/4 89/286/4 91/275/4
f 93/277/5 95/287/5 91/278/5
f 92/280/6 89/288/6 96/281/6
f 97/289/1 98/290/1 99/291/1
f 100/292/2 101/293/2 98/294/2
f 102/295/3 103/296/3 101/297/3
f 104/298/4 99/299/4 103/300/4
f 101/301/5 99/302/5 98/303/5
f 100/304/6 104/305/6 102/306/6
f 97/289/1 100/307/1 98/290/1
f 100/292/2 102/308/2 101/293/2
f 102/295/3 104/309/3 103/296/3
f 104/298/4 97/310/4 99/299/4
f 101/301/5 103/311/5 99/302/5
f 100/304/6 97/312/6 104/305/6
f 105/313/1 106/314/1 107/315/1
f 108/316/2 109/317/2 106/318/2
f 110/319/3 111/320/3 109/321/3
f 112/322/4 107/323/4 111/324/4
f 109/325/5 107/326/5 106/327/5
f 108/328/6 112/329/6 110/330/6
f 105/313/1 108/331/1 106/314/1
f 108/316/2 110/332/2 109/317/2
f 110/319/3 112/333/3 111/320/3
f 112/322/4 105/334/4 107/323/4
f 109/325/5 111/335/5 107/326/5
f 108/328/6 105/336/6 112/329/6
f 113/337/1 114/338/1 115/339/1
f 116/340/2 117/341/2 114/342/2
f 118/343/3 119/344/3 117/345/3
f 120/346/4 115/347/4 119/348/4
f 117/349/5 115/350/5 114/351/5
f 116/352/6 120/353/6 118/354/6
f 113/337/1 116/355/1 114/338/1
f 116/340/2 118/356/2 117/341/2
f 118/343/3 120/357/3 119/344/3
f 120/346/4 113/358/4 115/347/4
f 117/349/5 119/359/5 115/350/5
f 116/352/6 113/360/6 120/353/6
f 121/361/1 122/362/1 123/363/1
f 124/364/2 125/365/2 122/366/2
f 126/367/3 127/368/3 125/369/3
f 128/370/4 123/371/4 127/372/4
f 125/373/5 123/374/5 122/375/5
f 124/376/6 128/377/6 126/378/6
f 121/361/1 124/379/1 122/362/1
f 124/364/2 126/380/2 125/365/2
f 126/367/3 128/381/3 127/368/3
f 128/370/4 121/382/4 123/371/4
f 125/373/5 127/383/5 123/374/5
f 124/376/6 121/384/6 128/377/6
f 129/385/1 130/386/1 131/387/1
f 132/388/2 133/389/2 130/390/2
f 134/391/3 135/392/3 133/393/3
f 136/394/4 131/395/4 135/396/4
f 133/397/5 131/398/5 130/399/5
f 132/400/6 136/401/6 134/402/6
f 129/385/1 132/403/1 130/386/1
f 132/388/2 134/404/2 133/389/2
f 134/391/3 136/405/3 135/392/3
f 136/394/4 129/406/4 131/395/4
f 133/397/5 135/407/5 131/398/5
f 132/400/6 129/408/6 136/401/6
f 137/409/1 138/410/1 139/411/1
f 140/412/2 141/413/2 138/414/2
f 142/415/3 143/416/3 141/417/3
f 144/418/4 139/419/4 143/420/4
f 141/421/5 139/422/5 138/423/5
f 140/424/6 144/425/6 142/426/6
f 137/409/1 140/427/1 138/410/1
f 140/412/2 142/428/2 141/413/2
f 142/415/3 144/429/3 143/416/3
f 144/418/4 137/430/4 139/419/4
f 141/421/5 143/431/5 139/422/5
f 140/424/6 137/432/6 144/425/6
f 145/433/1 146/434/1 147/435/1
f 148/436/2 149/437/2 146/438/2
f 150/439/3 151/440/3 149/441/3
f 152/442/4 147/443/4 151/444/4
f 149/445/5 147/446/5 146/447/5
f 148/448/6 152/449/6 150/450/6
f 145/433/1 148/451/1 146/434/1
f 148/436/2 150/452/2 149/437/2
f 150/439/3 152/453/3 151/440/3
f 152/442/4 145/454/4 147/443/4
f 149/445/5 151/455/5 147/446/5
f 148/448/6 145/456/6 152/449/6
f 153/457/1 154/458/1 155/459/1
f 156/460/2 157/461/2 154/462/2
f 158/463/3 159/464/3 157/465/3
f 160/466/4 155/467/4 159/468/4
f 157/469/5 155/470/5 154/471/5
f 156/472/6 160/473/6 158/474/6
f 153/457/1 156/475/1 154/458/1
f 156/460/2 158/476/2 157/461/2
f 158/463/3 160/477/3 159/464/3
f 160/466/4 153/478/4 155/467/4
f 157/469/5 159/479/5 155/470/5
f 156/472/6 153/480/6 160/473/6
usemtl hallway_top_material.003
f 161/481/1 162/482/1 163/483/1
f 164/484/2 165/485/2 162/486/2
f 166/487/3 167/488/3 165/489/3
f 168/490/4 163/491/4 167/492/4
f 165/493/5 163/494/5 162/495/5
f 164/496/6 168/497/6 166/498/6
f 161/481/1 164/499/1 162/482/1
f 164/484/2 166/500/2 165/485/2
f 166/487/3 168/501/3 167/488/3
f 168/490/4 161/502/4 163/491/4
f 165/493/5 167/503/5 163/494/5
f 164/496/6 161/504/6 168/497/6
usemtl hallway_top_material.007
f 169/505/1 170/506/1 171/507/1
f 172/508/2 173/509/2 170/510/2
f 174/511/3 175/512/3 173/513/3
f 176/514/4 171/515/4 175/516/4
f 173/517/5 171/518/5 170/519/5
f 172/520/6 176/521/6 174/522/6
f 169/505/1 172/523/1 170/506/1
f 172/508/2 174/524/2 173/509/2
f 174/511/3 176/525/3 175/512/3
f 176/514/4 169/526/4 171/515/4
f 173/517/5 175/527/5 171/518/5
f 172/520/6 169/528/6 176/521/6
f 177/529/1 178/530/1 179/531/1
f 180/532/2 181/533/2 178/534/2
f 182/535/3 183/536/3 181/537/3
f 184/538/4 179/539/4 183/540/4
f 181/541/5 179/542/5 178/543/5
f 180/544/6 184/545/6 182/546/6
f 177/529/1 180/547/1 178/530/1
f 180/532/2 182/548/2 181/533/2
f 182/535/3 184/549/3 183/536/3
f 184/538/4 177/550/4 179/539/4
f 181/541/5 183/551/5 179/542/5
f 180/544/6 177/552/6 184/545/6
f 185/553/1 186/554/1 187/555/1
f 188/556/2 189/557/2 186/558/2
f 190/559/3 191/560/3 189/561/3
f 192/562/4 187/563/4 191/564/4
f 189/565/5 187/566/5 186/567/5
f 188/568/6 192/569/6 190/570/6
f 185/553/1 188/571/1 186/554/1
f 188/556/2 190/572/2 189/557/2
f 190/559/3 192/573/3 191/560/3
f 192/562/4 185/574/4 187/563/4
f 189/565/5 191/575/5 187/566/5
f 188/568/6 185/576/6 192/569/6
f 193/577/1 194/578/1 195/579/1
f 196/580/2 197/581/2 194/582/2
f 198/583/3 199/584/3 197/585/3
f 200/586/4 195/587/4 199/588/4
f 197/589/5 195/590/5 194/591/5
f 196/592/6 200/593/6 198/594/6
f 193/577/1 196/595/1 194/578/1
f 196/580/2 198/596/2 197/581/2
f 198/583/3 200/597/3 199/584/3
f 200/586/4 193/598/4 195/587/4
f 197/589/5 199/599/5 195/590/5
f 196/592/6 193/600/6 200/593/6
f 201/601/1 202/602/1 203/603/1
f 204/604/2 205/605/2 202/606/2
f 206/607/3 207/608/3 205/609/3
f 208/610/4 203/611/4 207/612/4
f 205/613/5 203/614/5 202/615/5
f 204/616/6 208/617/6 206/618/6
f 201/601/1 204/619/1 202/602/1
f 204/604/2 206/620/2 205/605/2
f 206/607/3 208/621/3 207/608/3
f 208/610/4 201/622/4 203/611/4
f 205/613/5 207/623/5 203/614/5
f 204/616/6 201/624/6 208/617/6
f 209/625/1 210/626/1 211/627/1
f 212/628/2 213/629/2 210/630/2
f 214/631/3 215/632/3 213/633/3
f 216/634/4 211/635/4 215/636/4
f 213/637/5 211/638/5 210/639/5
f 212/640/6 216/641/6 214/642/6
f 209/625/1 212/643/1 210/626/1
f 212/628/2 214/644/2 213/629/2
f 214/631/3 216/645/3 215/632/3
f 216/634/4 209/646/4 211/635/4
f 213/637/5 215/647/5 211/638/5
f 212/640/6 209/648/6 216/641/6
f 217/649/1 218/650/1 219/651/1
f 220/652/2 221/653/2 218/654/2
f 222/655/3 223/656/3 221/657/3
f 224/658/4 219/659/4 223/660/4
f 221/661/5 219/662/5 218/663/5
f 220/664/6 224/665/6 222/666/6
f 217/649/1 220/667/1 218/650/1
f 220/652/2 222/668/2 221/653/2
f 222/655/3 224/669/3 223/656/3
f 224/658/4 217/670/4 219/659/4
f 221/661/5 223/671/5 219/662/5
f 220/664/6 217/672/6 224/665/6
f 225/673/1 226/674/1 227/675/1
f 228/676/2 229/677/2 226/678/2
f 230/679/3 231/680/3 229/681/3
f 232/682/4 227/683/4 231/684/4
f 229/685/5 227/686/5 226/687/5
f 228/688/6 232/689/6 230/690/6
f 225/673/1 228/691/1 226/674/1
f 228/676/2 230/692/2 229/677/2
f 230/679/3 232/693/3 231/680/3
f 232/682/4 225/694/4 227/683/4
f 229/685/5 231/695/5 227/686/5
f 228/688/6 225/696/6 232/689/6
f 233/697/1 234/698/1 235/699/1
f 236/700/2 237/701/2 234/702/2
f 238/703/3 239/704/3 237/705/3
f 240/706/4 235/707/4 239/708/4
f 237/709/5 235/710/5 234/711/5
f 236/712/6 240/713/6 238/714/6
f 233/697/1 236/715/1 234/698/1
f 236/700/2 238/716/2 237/701/2
f 238/703/3 240/717/3 239/704/3
f 240/706/4 233/718/4 235/707/4
f 237/709/5 239/719/5 235/710/5
f 236/712/6 233/720/6 240/713/6
f 241/721/1 242/722/1 243/723/1
f 244/724/2 245/725/2 242/726/2
f 246/727/3 247/728/3 245/729/3
f 248/730/4 243/731/4 247/732/4
f 245/733/5 243/734/5 242/735/5
f 244/736/6 248/737/6 246/738/6
f 241/721/1 244/739/1 242/722/1
f 244/724/2 246/740/2 245/725/2
f 246/727/3 248/741/3 247/728/3
f 248/730/4 241/742/4 243/731/4
f 245/733/5 247/743/5 243/734/5
f 244/736/6 241/744/6 248/737/6
f 249/745/1 250/746/1 251/747/1
f 252/748/2 253/749/2 250/750/2
f 254/751/3 255/752/3 253/753/3
f 256/754/4 251/755/4 255/756/4
f 253/757/5 251/758/5 250/759/5
f 252/760/6 256/761/6 254/762/6
f 249/745/1 252/763/1 250/746/1
f 252/748/2 254/764/2 253/749/2
f 254/751/3 256/765/3 255/752/3
f 256/754/4 249/766/4 251/755/4
f 253/757/5 255/767/5 251/758/5
f 252/760/6 249/768/6 256/761/6
f 257/769/1 258/770/1 259/771/1
f 260/772/2 261/773/2 258/774/2
f 262/775/3 263/776/3 261/777/3
f 264/778/4 259/779/4 263/780/4
f 261/781/5 259/782/5 258/783/5
f 260/784/6 264/785/6 262/786/6
f 257/769/1 260/787/1 258/770/1
f 260/772/2 262/788/2 261/773/2
f 262/775/3 264/789/3 263/776/3
f 264/778/4 257/790/4 259/779/4
f 261/781/5 263/791/5 259/782/5
f 260/784/6 257/792/6 264/785/6
f 265/793/1 266/794/1 267/795/1
f 268/796/2 269/797/2 266/798/2
f 270/799/3 271/800/3 269/801/3
f 272/802/4 267/803/4 271/804/4
f 269/805/5 267/806/5 266/807/5
f 268/808/6 272/809/6 270/810/6
f 265/793/1 268/811/1 266/794/1
f 268/796/2 270/812/2 269/797/2
f 270/799/3 272/813/3 271/800/3
f 272/802/4 265/814/4 267/803/4
f 269/805/5 271/815/5 267/806/5
f 268/808/6 265/816/6 272/809/6
f 273/817/1 274/818/1 275/819/1
f 276/820/2 277/821/2 274/822/2
f 278/823/3 279/824/3 277/825/3
f 280/826/4 275/827/4 279/828/4
f 277/829/5 275/830/5 274/831/5
f 276/832/6 280/833/6 278/834/6
f 273/817/1 276/835/1 274/818/1
f 276/820/2 278/836/2 277/821/2
f 278/823/3 280/837/3 279/824/3
f 280/826/4 273/838/4 275/827/4
f 277/829/5 279/839/5 275/830/5
f 276/832/6 273/840/6 280/833/6
f 281/841/1 282/842/1 283/843/1
f 284/844/2 285/845/2 282/846/2
f 286/847/3 287/848/3 285/849/3
f 288/850/4 283/851/4 287/852/4
f 285/853/5 283/854/5 282/855/5
f 284/856/6 288/857/6 286/858/6
f 281/841/1 284/859/1 282/842/1
f 284/844/2 286/860/2 285/845/2
f 286/847/3 288/861/3 287/848/3
f 288/850/4 281/862/4 283/851/4
f 285/853/5 287/863/5 283/854/5
f 284/856/6 281/864/6 288/857/6
f 289/865/1 290/866/1 291/867/1
f 292/868/2 293/869/2 290/870/2
f 294/871/3 295/872/3 293/873/3
f 296/874/4 291/875/4 295/876/4
f 293/877/5 291/878/5 290/879/5
f 292/880/6 296/881/6 294/882/6
f 289/865/1 292/883/1 290/866/1
f 292/868/2 294/884/2 293/869/2
f 294/871/3 296/885/3 295/872/3
f 296/874/4 289/886/4 291/875/4
f 293/877/5 295/887/5 291/878/5
f 292/880/6 289/888/6 296/881/6
f 297/889/1 298/890/1 299/891/1
f 300/892/2 301/893/2 298/894/2
f 302/895/3 303/896/3 301/897/3
f 304/898/4 299/899/4 303/900/4
f 301/901/5 299/902/5 298/903/5
f 300/904/6 304/905/6 302/906/6
f 297/889/1 300/907/1 298/890/1
f 300/892/2 302/908/2 301/893/2
f 302/895/3 304/909/3 303/896/3
f 304/898/4 297/910/4 299/899/4
f 301/901/5 303/911/5 299/902/5
f 300/904/6 297/912/6 304/905/6
f 305/913/1 306/914/1 307/915/1
f 308/916/2 309/917/2 306/918/2
f 310/919/3 311/920/3 309/921/3
f 312/922/4 307/923/4 311/924/4
f 309/925/5 307/926/5 306/927/5
f 308/928/6 312/929/6 310/930/6
f 305/913/1 308/931/1 306/914/1
f 308/916/2 310/932/2 309/917/2
f 310/919/3 312/933/3 311/920/3
f 312/922/4 305/934/4 307/923/4
f 309/925/5 311/935/5 307/926/5
f 308/928/6 305/936/6 312/929/6
f 313/937/1 314/938/1 315/939/1
f 316/940/2 317/941/2 314/942/2
f 318/943/3 319/944/3 317/945/3
f 320/946/4 315/947/4 319/948/4
f 317/949/5 315/950/5 314/951/5
f 316/952/6 320/953/6 318/954/6
f 313/937/1 316/955/1 314/938/1
f 316/940/2 318/956/2 317/941/2
f 318/943/3 320/957/3 319/944/3
f 320/946/4 313/958/4 315/947/4
f 317/949/5 319/959/5 315/950/5
f 316/952/6 313/960/6 320/953/6
f 321/961/1 322/962/1 323/963/1
f 324/964/2 325/965/2 322/966/2
f 326/967/3 327/968/3 325/969/3
f 328/970/4 323/971/4 327/972/4
f 325/973/5 323/974/5 322/975/5
f 324/976/6 328/977/6 326/978/6
f 321/961/1 324/979/1 322/962/1
f 324/964/2 326/980/2 325/965/2
f 326/967/3 328/981/3 327/968/3
f 328/970/4 321/982/4 323/971/4
f 325/973/5 327/983/5 323/974/5
f 324/976/6 321/984/6 328/977/6
usemtl hallway_top_material.008
f 329/985/4 330/986/4 331/987/4
f 332/988/1 333/989/1 330/990/1
f 334/991/2 335/992/2 333/993/2
f 336/994/3 331/995/3 335/996/3
f 333/997/5 331/998/5 330/999/5
f 332/1000/6 336/1001/6 334/1002/6
f 329/985/4 332/1003/4 330/986/4
f 332/988/1 334/1004/1 333/989/1
f 334/991/2 336/1005/2 335/992/2
f 336/994/3 329/1006/3 331/995/3
f 333/997/5 335/1007/5 331/998/5
f 332/1000/6 329/1008/6 336/1001/6
f 337/1009/4 338/1010/4 339/1011/4
f 340/1012/1 341/1013/1 338/1014/1
f 342/1015/2 343/1016/2 341/1017/2
f 344/1018/3 339/1019/3 343/1020/3
f 341/1021/5 339/1022/5 338/1023/5
f 340/1024/6 344/1025/6 342/1026/6
f 337/1009/4 340/1027/4 338/1010/4
f 340/1012/1 342/1028/1 341/1013/1
f 342/1015/2 344/1029/2 343/1016/2
f 344/1018/3 337/1030/3 339/1019/3
f 341/1021/5 343/1031/5 339/1022/5
f 340/1024/6 337/1032/6 344/1025/6
f 345/1033/4 346/1034/4 347/1035/4
f 348/1036/1 349/1037/1 346/1038/1
f 350/1039/2 351/1040/2 349/1041/2
f 352/1042/3 347/1043/3 351/1044/3
f 349/1045/5 347/1046/5 346/1047/5
f 348/1048/6 352/1049/6 350/1050/6
f 345/1033/4 348/1051/4 346/1034/4
f 348/1036/1 350/1052/1 349/1037/1
f 350/1039/2 352/1053/2 351/1040/2
f 352/1042/3 345/1054/3 347/1043/3
f 349/1045/5 351/1055/5 347/1046/5
f 348/1048/6 345/1056/6 352/1049/6
f 353/1057/4 354/1058/4 355/1059/4
f 356/1060/1 357/1061/1 354/1062/1
f 358/1063/2 359/1064/2 357/1065/2
f 360/1066/3 355/1067/3 359/1068/3
f 357/1069/5 355/1070/5 354/1071/5
f 356/1072/6 360/1073/6 358/1074/6
f 353/1057/4 356/1075/4 354/1058/4
f 356/1060/1 358/1076/1 357/1061/1
f 358/1063/2 360/1077/2 359/1064/2
f 360/1066/3 353/1078/3 355/1067/3
f 357/1069/5 359/1079/5 355/1070/5
f 356/1072/6 353/1080/6 360/1073/6
f 361/1081/4 362/1082/4 363/1083/4
f 364/1084/1 365/1085/1 362/1086/1
f 366/1087/2 367/1088/2 365/1089/2
f 368/1090/3 363/1091/3 367/1092/3
f 365/1093/5 363/1094/5 362/1095/5
f 364/1096/6 368/1097/6 366/1098/6
f 361/1081/4 364/1099/4 362/1082/4
f 364/1084/1 366/1100/1 365/1085/1
f 366/1087/2 368/1101/2 367/1088/2
f 368/1090/3 361/1102/3 363/1091/3
f 365/1093/5 367/1103/5 363/1094/5
f 364/1096/6 361/1104/6 368/1097/6
f 369/1105/4 370/1106/4 371/1107/4
f 372/1108/1 373/1109/1 370/1110/1
f 374/1111/2 375/1112/2 373/1113/2
f 376/1114/3 371/1115/3 375/1116/3
f 373/1117/5 371/1118/5 370/1119/5
f 372/1120/6 376/1121/6 374/1122/6
f 369/1105/4 372/1123/4 370/1106/4
f 372/1108/1 374/1124/1 373/1109/1
f 374/1111/2 376/1125/2 375/1112/2
f 376/1114/3 369/1126/3 371/1115/3
f 373/1117/5 375/1127/5 371/1118/5
f 372/1120/6 369/1128/6 376/1121/6
f 377/1129/4 378/1130/4 379/1131/4
f 380/1132/1 381/1133/1 378/1134/1
f 382/1135/2 383/1136/2 381/1137/2
f 384/1138/3 379/1139/3 383/1140/3
f 381/1141/5 379/1142/5 378/1143/5
f 380/1144/6 384/1145/6 382/1146/6
f 377/1129/4 380/1147/4 378/1130/4
f 380/1132/1 382/1148/1 381/1133/1
f 382/1135/2 384/1149/2 383/1136/2
f 384/1138/3 377/1150/3 379/1139/3
f 381/1141/5 383/1151/5 379/1142/5
f 380/1144/6 377/1152/6 384/1145/6
f 385/1153/4 386/1154/4 387/1155/4
f 388/1156/1 389/1157/1 386/1158/1
f 390/1159/2 391/1160/2 389/1161/2
f 392/1162/3 387/1163/3 391/1164/3
f 389/1165/5 387/1166/5 386/1167/5
f 388/1168/6 392/1169/6 390/1170/6
f 385/1153/4 388/1171/4 386/1154/4
f 388/1156/1 390/1172/1 389/1157/1
f 390/1159/2 392/1173/2 391/1160/2
f 392/1162/3 385/1174/3 387/1163/3
f 389/1165/5 391/1175/5 387/1166/5
f 388/1168/6 385/1176/6 392/1169/6
f 393/1177/4 394/1178/4 395/1179/4
f 396/1180/1 397/1181/1 394/1182/1
f 398/1183/2 399/1184/2 397/1185/2
f 400/1186/3 395/1187/3 399/1188/3
f 397/1189/5 395/1190/5 394/1191/5
f 396/1192/6 400/1193/6 398/1194/6
f 393/1177/4 396/1195/4 394/1178/4
f 396/1180/1 398/1196/1 397/1181/1
f 398/1183/2 400/1197/2 399/1184/2
f 400/1186/3 393/1198/3 395/1187/3
f 397/1189/5 399/1199/5 395/1190/5
f 396/1192/6 393/1200/6 400/1193/6
f 401/1201/4 402/1202/4 403/1203/4
f 404/1204/1 405/1205/1 402/1206/1
f 406/1207/2 407/1208/2 405/1209/2
f 408/1210/3 403/1211/3 407/1212/3
f 405/1213/5 403/1214/5 402/1215/5
f 404/1216/6 408/1217/6 406/1218/6
f 401/1201/4 404/1219/4 402/1202/4
f 404/1204/1 406/1220/1 405/1205/1
f 406/1207/2 408/1221/2 407/1208/2
f 408/1210/3 401/1222/3 403/1211/3
f 405/1213/5 407/1223/5 403/1214/5
f 404/1216/6 401/1224/6 408/1217/6
f 409/1225/4 410/1226/4 411/1227/4
f 412/1228/1 413/1229/1 410/1230/1
f 414/1231/2 415/1232/2 413/1233/2
f 416/1234/3 411/1235/3 415/1236/3
f 413/1237/5 411/1238/5 410/1239/5
f 412/1240/6 416/1241/6 414/1242/6
f 409/1225/4 412/1243/4 410/1226/4
f 412/1228/1 414/1244/1 413/1229/1
f 414/1231/2 416/1245/2 415/1232/2
f 416/1234/3 409/1246/3 411/1235/3
f 413/1237/5 415/1247/5 411/1238/5
f 412/1240/6 409/1248/6 416/1241/6
f 417/1249/4 418/1250/4 419/1251/4
f 420/1252/1 421/1253/1 418/1254/1
f 422/1255/2 423/1256/2 421/1257/2
f 424/1258/3 419/1259/3 423/1260/3
f 421/1261/5 419/1262/5 418/1263/5
f 420/1264/6 424/1265/6 422/1266/6
f 417/1249/4 420/1267/4 418/1250/4
f 420/1252/1 422/1268/1 421/1253/1
f 422/1255/2 424/1269/2 423/1256/2
f 424/1258/3 417/1270/3 419/1259/3
f 421/1261/5 423/1271/5 419/1262/5
f 420/1264/6 417/1272/6 424/1265/6
f 425/1273/4 426/1274/4 427/1275/4
f 428/1276/1 429/1277/1 426/1278/1
f 430/1279/2 431/1280/2 429/1281/2
f 432/1282/3 427/1283/3 431/1284/3
f 429/1285/5 427/1286/5 426/1287/5
f 428/1288/6 432/1289/6 430/1290/6
f 425/1273/4 428/1291/4 426/1274/4
f 428/1276/1 430/1292/1 429/1277/1
f 430/1279/2 432/1293/2 431/1280/2
f 432/1282/3 425/1294/3 427/1283/3
f 429/1285/5 431/1295/5 427/1286/5
f 428/1288/6 425/1296/6 432/1289/6
f 433/1297/4 434/1298/4 435/1299/4
f 436/1300/1 437/1301/1 434/1302/1
f 438/1303/2 439/1304/2 437/1305/2
f 440/1306/3 435/1307/3 439/1308/3
f 437/1309/5 435/1310/5 434/1311/5
f 436/1312/6 440/1313/6 438/1314/6
f 433/1297/4 436/1315/4 434/1298/4
f 436/1300/1 438/1316/1 437/1301/1
f 438/1303/2 440/1317/2 439/1304/2
f 440/1306/3 433/1318/3 435/1307/3
f 437/1309/5 439/1319/5 435/1310/5
f 436/1312/6 433/1320/6 440/1313/6
f 441/1321/4 442/1322/4 443/1323/4
f 444/1324/1 445/1325/1 442/1326/1
f 446/1327/2 447/1328/2 445/1329/2
f 448/1330/3 443/1331/3 447/1332/3
f 445/1333/5 443/1334/5 442/1335/5
f 444/1336/6 448/1337/6 446/1338/6
f 441/1321/4 444/1339/4 442/1322/4
f 444/1324/1 446/1340/1 445/1325/1
f 446/1327/2 448/1341/2 447/1328/2
f 448/1330/3 441/1342/3 443/1331/3
f 445/1333/5 447/1343/5 443/1334/5
f 444/1336/6 441/1344/6 448/1337/6
f 449/1345/4 450/1346/4 451/1347/4
f 452/1348/1 453/1349/1 450/1350/1
f 454/1351/2 455/1352/2 453/1353/2
f 456/1354/3 451/1355/3 455/1356/3
f 453/1357/5 451/1358/5 450/1359/5
f 452/1360/6 456/1361/6 454/1362/6
f 449/1345/4 452/1363/4 450/1346/4
f 452/1348/1 454/1364/1 453/1349/1
f 454/1351/2 456/1365/2 455/1352/2
f 456/1354/3 449/1366/3 451/1355/3
f 453/1357/5 455/1367/5 451/1358/5
f 452/1360/6 449/1368/6 456/1361/6
f 457/1369/4 458/1370/4 459/1371/4
f 460/1372/1 461/1373/1 458/1374/1
f 462/1375/2 463/1376/2 461/1377/2
f 464/1378/3 459/1379/3 463/1380/3
f 461/1381/5 459/1382/5 458/1383/5
f 460/1384/6 464/1385/6 462/1386/6
f 457/1369/4 460/1387/4 458/1370/4
f 460/1372/1 462/1388/1 461/1373/1
f 462/1375/2 464/1389/2 463/1376/2
f 464/1378/3 457/1390/3 459/1379/3
f 461/1381/5 463/1391/5 459/1382/5
f 460/1384/6 457/1392/6 464/1385/6
f 465/1393/4 466/1394/4 467/1395/4
f 468/1396/1 469/1397/1 466/1398/1
f 470/1399/2 471/1400/2 469/1401/2
f 472/1402/3 467/1403/3 471/1404/3
f 469/1405/5 467/1406/5 466/1407/5
f 468/1408/6 472/1409/6 470/1410/6
f 465/1393/4 468/1411/4 466/1394/4
f 468/1396/1 470/1412/1 469/1397/1
f 470/1399/2 472/1413/2 471/1400/2
f 472/1402/3 465/1414/3 467/1403/3
f 469/1405/5 471/1415/5 467/1406/5
f 468/1408/6 465/1416/6 472/1409/6
f 473/1417/4 474/1418/4 475/1419/4
f 476/1420/1 477/1421/1 474/1422/1
f 478/1423/2 479/1424/2 477/1425/2
f 480/1426/3 475/1427/3 479/1428/3
f 477/1429/5 475/1430/5 474/1431/5
f 476/1432/6 480/1433/6 478/1434/6
f 473/1417/4 476/1435/4 474/1418/4
f 476/1420/1 478/1436/1 477/1421/1
f 478/1423/2 480/1437/2 479/1424/2
f 480/1426/3 473/1438/3 475/1427/3
f 477/1429/5 479/1439/5 475/1430/5
f 476/1432/6 473/1440/6 480/1433/6
f 481/1441/4 482/1442/4 483/1443/4
f 484/1444/1 485/1445/1 482/1446/1
f 486/1447/2 487/1448/2 485/1449/2
f 488/1450/3 483/1451/3 487/1452/3
f 485/1453/5 483/1454/5 482/1455/5
f 484/1456/6 488/1457/6 486/1458/6
f 481/1441/4 484/1459/4 482/1442/4
f 484/1444/1 486/1460/1 485/1445/1
f 486/1447/2 488/1461/2 487/1448/2
f 488/1450/3 481/1462/3 483/1451/3
f 485/1453/5 487/1463/5 483/1454/5
f 484/1456/6 481/1464/6 488/1457/6
usemtl hallway_top_material.009
f 489/1465/4 490/1466/4 491/1467/4
f 492/1468/1 493/1469/1 490/1470/1
f 494/1471/2 495/1472/2 493/1473/2
f 496/1474/3 491/1475/3 495/1476/3
f 493/1477/5 491/1478/5 490/1479/5
f 492/1480/6 496/1481/6 494/1482/6
f 489/1465/4 492/1483/4 490/1466/4
f 492/1468/1 494/1484/1 493/1469/1
f 494/1471/2 496/1485/2 495/1472/2
f 496/1474/3 489/1486/3 491/1475/3
f 493/1477/5 495/1487/5 491/1478/5
f 492/1480/6 489/1488/6 496/1481/6
f 497/1489/4 498/1490/4 499/1491/4
f 500/1492/1 501/1493/1 498/1494/1
f 502/1495/2 503/1496/2 501/1497/2
f 504/1498/3 499/1499/3 503/1500/3
f 501/1501/5 499/1502/5 498/1503/5
f 500/1504/6 504/1505/6 502/1506/6
f 497/1489/4 500/1507/4 498/1490/4
f 500/1492/1 502/1508/1 501/1493/1
f 502/1495/2 504/1509/2 503/1496/2
f 504/1498/3 497/1510/3 499/1499/3
f 501/1501/5 503/1511/5 499/1502/5
f 500/1504/6 497/1512/6 504/1505/6
f 505/1513/4 506/1514/4 507/1515/4
f 508/1516/1 509/1517/1 506/1518/1
f 510/1519/2 511/1520/2 509/1521/2
f 512/1522/3 507/1523/3 511/1524/3
f 509/1525/5 507/1526/5 506/1527/5
f 508/1528/6 512/1529/6 510/1530/6
f 505/1513/4 508/1531/4 506/1514/4
f 508/1516/1 510/1532/1 509/1517/1
f 510/1519/2 512/1533/2 511/1520/2
f 512/1522/3 505/1534/3 507/1523/3
f 509/1525/5 511/1535/5 507/1526/5
f 508/1528/6 505/1536/6 512/1529/6
f 513/1537/4 514/1538/4 515/1539/4
f 516/1540/1 517/1541/1 514/1542/1
f 518/1543/2 519/1544/2 517/1545/2
f 520/1546/3 515/1547/3 519/1548/3
f 517/1549/5 515/1550/5 514/1551/5
f 516/1552/6 520/1553/6 518/1554/6
f 513/1537/4 516/1555/4 514/1538/4
f 516/1540/1 518/1556/1 517/1541/1
f 518/1543/2 520/1557/2 519/1544/2
f 520/1546/3 513/1558/3 515/1547/3
f 517/1549/5 519/1559/5 515/1550/5
f 516/1552/6 513/1560/6 520/1553/6
f 521/1561/4 522/1562/4 523/1563/4
f 524/1564/1 525/1565/1 522/1566/1
f 526/1567/2 527/1568/2 525/1569/2
f 528/1570/3 523/1571/3 527/1572/3
f 525/1573/5 523/1574/5 522/1575/5
f 524/1576/6 528/1577/6 526/1578/6
f 521/1561/4 524/1579/4 522/1562/4
f 524/1564/1 526/1580/1 525/1565/1
f 526/1567/2 528/1581/2 527/1568/2
f 528/1570/3 521/1582/3 523/1571/3
f 525/1573/5 527/1583/5 523/1574/5
f 524/1576/6 521/1584/6 528/1577/6
f 529/1585/4 530/1586/4 531/1587/4
f 532/1588/1 533/1589/1 530/1590/1
f 534/1591/2 535/1592/2 533/1593/2
f 536/1594/3 531/1595/3 535/1596/3
f 533/1597/5 531/1598/5 530/1599/5
f 532/1600/6 536/1601/6 534/1602/6
f 529/1585/4 532/1603/4 530/1586/4
f 532/1588/1 534/1604/1 533/1589/1
f 534/1591/2 536/1605/2 535/1592/2
f 536/1594/3 529/1606/3 531/1595/3
f 533/1597/5 535/1607/5 531/1598/5
f 532/1600/6 529/1608/6 536/1601/6
f 537/1609/4 538/1610/4 539/1611/4
f 540/1612/1 541/1613/1 538/1614/1
f 542/1615/2 543/1616/2 541/1617/2
f 544/1618/3 539/1619/3 543/1620/3
f 541/1621/5 539/1622/5 538/1623/5
f 540/1624/6 544/1625/6 542/1626/6
f 537/1609/4 540/1627/4 538/1610/4
f 540/1612/1 542/1628/1 541/1613/1
f 542/1615/2 544/1629/2 543/1616/2
f 544/1618/3 537/1630/3 539/1619/3
f 541/1621/5 543/1631/5 539/1622/5
f 540/1624/6 537/1632/6 544/1625/6
f 545/1633/4 546/1634/4 547/1635/4
f 548/1636/1 549/1637/1 546/1638/1
f 550/1639/2 551/1640/2 549/1641/2
f 552/1642/3 547/1643/3 551/1644/3
f 549/1645/5 547/1646/5 546/1647/5
f 548/1648/6 552/1649/6 550/1650/6
f 545/1633/4 548/1651/4 546/1634/4
f 548/1636/1 550/1652/1 549/1637/1
f 550/1639/2 552/1653/2 551/1640/2
f 552/1642/3 545/1654/3 547/1643/3
f 549/1645/5 551/1655/5 547/1646/5
f 548/1648/6 545/1656/6 552/1649/6
f 553/1657/4 554/1658/4 555/1659/4
f 556/1660/1 557/1661/1 554/1662/1
f 558/1663/2 559/1664/2 557/1665/2
f 560/1666/3 555/1667/3 559/1668/3
f 557/1669/5 555/1670/5 554/1671/5
f 556/1672/6 560/1673/6 558/1674/6
f 553/1657/4 556/1675/4 554/1658/4
f 556/1660/1 558/1676/1 557/1661/1
f 558/1663/2 560/1677/2 559/1664/2
f 560/1666/3 553/1678/3 555/1667/3
f 557/1669/5 559/1679/5 555/1670/5
f 556/1672/6 553/1680/6 560/1673/6
f 561/1681/4 562/1682/4 563/1683/4
f 564/1684/1 565/1685/1 562/1686/1
f 566/1687/2 567/1688/2 565/1689/2
f 568/1690/3 563/1691/3 567/1692/3
f 565/1693/5 563/1694/5 562/1695/5
f 564/1696/6 568/1697/6 566/1698/6
f 561/1681/4 564/1699/4 562/1682/4
f 564/1684/1 566/1700/1 565/1685/1
f 566/1687/2 568/1701/2 567/1688/2
f 568/1690/3 561/1702/3 563/1691/3
f 565/1693/5 567/1703/5 563/1694/5
f 564/1696/6 561/1704/6 568/1697/6
f 569/1705/4 570/1706/4 571/1707/4
f 572/1708/1 573/1709/1 570/1710/1
f 574/1711/2 575/1712/2 573/1713/2
f 576/1714/3 571/1715/3 575/1716/3
f 573/1717/5 571/1718/5 570/1719/5
f 572/1720/6 576/1721/6 574/1722/6
f 569/1705/4 572/1723/4 570/1706/4
f 572/1708/1 574/1724/1 573/1709/1
f 574/1711/2 576/1725/2 575/1712/2
f 576/1714/3 569/1726/3 571/1715/3
f 573/1717/5 575/1727/5 571/1718/5
f 572/1720/6 569/1728/6 576/1721/6
f 577/1729/4 578/1730/4 579/1731/4
f 580/1732/1 581/1733/1 578/1734/1
f 582/1735/2 583/1736/2 581/1737/2
f 584/1738/3 579/1739/3 583/1740/3
f 581/1741/5 579/1742/5 578/1743/5
f 580/1744/6 584/1745/6 582/1746/6
f 577/1729/4 580/1747/4 578/1730/4
f 580/1732/1 582/1748/1 581/1733/1
f 582/1735/2 584/1749/2 583/1736/2
f 584/1738/3 577/1750/3 579/1739/3
f 581/1741/5 583/1751/5 579/1742/5
f 580/1744/6 577/1752/6 584/1745/6
f 585/1753/4 586/1754/4 587/1755/4
f 588/1756/1 589/1757/1 586/1758/1
f 590/1759/2 591/1760/2 589/1761/2
f 592/1762/3 587/1763/3 591/1764/3
f 589/1765/5 587/1766/5 586/1767/5
f 588/1768/6 592/1769/6 590/1770/6
f 585/1753/4 588/1771/4 586/1754/4
f 588/1756/1 590/1772/1 589/1757/1
f 590/1759/2 592/1773/2 591/1760/2
f 592/1762/3 585/1774/3 587/1763/3
f 589/1765/5 591/1775/5 587/1766/5
f 588/1768/6 585/1776/6 592/1769/6
f 593/1777/4 594/1778/4 595/1779/4
f 596/1780/1 597/1781/1 594/1782/1
f 598/1783/2 599/1784/2 597/1785/2
f 600/1786/3 595/1787/3 599/1788/3
f 597/1789/5 595/1790/5 594/1791/5
f 596/1792/6 600/1793/6 598/1794/6
f 593/1777/4 596/1795/4 594/1778/4
f 596/1780/1 598/1796/1 597/1781/1
f 598/1783/2 600/1797/2 599/1784/2
f 600/1786/3 593/1798/3 595/1787/3
f 597/1789/5 599/1799/5 595/1790/5
f 596/1792/6 593/1800/6 600/1793/6
f 601/1801/4 602/1802/4 603/1803/4
f 604/1804/1 605/1805/1 602/1806/1
f 606/1807/2 607/1808/2 605/1809/2
f 608/1810/3 603/1811/3 607/1812/3
f 605/1813/5 603/1814/5 602/1815/5
f 604/1816/6 608/1817/6 606/1818/6
f 601/1801/4 604/1819/4 602/1802/4
f 604/1804/1 606/1820/1 605/1805/1
f 606/1807/2 608/1821/2 607/1808/2
f 608/1810/3 601/1822/3 603/1811/3
f 605/1813/5 607/1823/5 603/1814/5
f 604/1816/6 601/1824/6 608/1817/6
f 609/1825/4 610/1826/4 611/1827/4
f 612/1828/1 613/1829/1 610/1830/1
f 614/1831/2 615/1832/2 613/1833/2
f 616/1834/3 611/1835/3 615/1836/3
f 613/1837/5 611/1838/5 610/1839/5
f 612/1840/6 616/1841/6 614/1842/6
f 609/1825/4 612/1843/4 610/1826/4
f 612/1828/1 614/1844/1 613/1829/1
f 614/1831/2 616/1845/2 615/1832/2
f 616/1834/3 609/1846/3 611/1835/3
f 613/1837/5 615/1847/5 611/1838/5
f 612/1840/6 609/1848/6 616/1841/6
f 617/1849/4 618/1850/4 619/1851/4
f 620/1852/1 621/1853/1 618/1854/1
f 622/1855/2 623/1856/2 621/1857/2
f 624/1858/3 619/1859/3 623/1860/3
f 621/1861/5 619/1862/5 618/1863/5
f 620/1864/6 624/1865/6 622/1866/6
f 617/1849/4 620/1867/4 618/1850/4
f 620/1852/1 622/1868/1 621/1853/1
f 622/1855/2 624/1869/2 623/1856/2
f 624/1858/3 617/1870/3 619/1859/3
f 621/1861/5 623/1871/5 619/1862/5
f 620/1864/6 617/1872/6 624/1865/6
f 625/1873/4 626/1874/4 627/1875/4
f 628/1876/1 629/1877/1 626/1878/1
f 630/1879/2 631/1880/2 629/1881/2
f 632/1882/3 627/1883/3 631/1884/3
f 629/1885/5 627/1886/5 626/1887/5
f 628/1888/6 632/1889/6 630/1890/6
f 625/1873/4 628/1891/4 626/1874/4
f 628/1876/1 630/1892/1 629/1877/1
f 630/1879/2 632/1893/2 631/1880/2
f 632/1882/3 625/1894/3 627/1883/3
f 629/1885/5 631/1895/5 627/1886/5
f 628/1888/6 625/1896/6 632/1889/6
f 633/1897/4 634/1898/4 635/1899/4
f 636/1900/1 637/1901/1 634/1902/1
f 638/1903/2 639/1904/2 637/1905/2
f 640/1906/3 635/1907/3 639/1908/3
f 637/1909/5 635/1910/5 634/1911/5
f 636/1912/6 640/1913/6 638/1914/6
f 633/1897/4 636/1915/4 634/1898/4
f 636/1900/1 638/1916/1 637/1901/1
f 638/1903/2 640/1917/2 639/1904/2
f 640/1906/3 633/1918/3 635/1907/3
f 637/1909/5 639/1919/5 635/1910/5
f 636/1912/6 633/1920/6 640/1913/6
f 641/1921/4 642/1922/4 643/1923/4
f 644/1924/1 645/1925/1 642/1926/1
f 646/1927/2 647/1928/2 645/1929/2
f 648/1930/3 643/1931/3 647/1932/3
f 645/1933/5 643/1934/5 642/1935/5
f 644/1936/6 648/1937/6 646/1938/6
f 641/1921/4 644/1939/4 642/1922/4
f 644/1924/1 646/1940/1 645/1925/1
f 646/1927/2 648/1941/2 647/1928/2
f 648/1930/3 641/1942/3 643/1931/3
f 645/1933/5 647/1943/5 643/1934/5
f 644/1936/6 641/1944/6 648/1937/6
